#doc name topic proportion ...
0	0	0.1179245283018868	0.13679245283018868	0.1179245283018868	0.1179245283018868	0.1179245283018868	0.13679245283018868	0.13679245283018868	0.1179245283018868
1	1	0.11574074074074074	0.11779835390946503	0.13425925925925927	0.11574074074074074	0.11574074074074074	0.13425925925925927	0.11574074074074074	0.1507201646090535
2	2	0.12134502923976608	0.13499025341130605	0.14473684210526316	0.12719298245614036	0.10964912280701754	0.12524366471734893	0.12719298245614036	0.10964912280701754
3	3	0.10964912280701754	0.10964912280701754	0.10964912280701754	0.11159844054580896	0.10964912280701754	0.10964912280701754	0.21296296296296297	0.12719298245614036
4	4	0.1379472693032015	0.1228813559322034	0.10781544256120527	0.17372881355932204	0.1059322033898305	0.1059322033898305	0.13983050847457626	0.1059322033898305
5	5	0.1398578811369509	0.08430232558139535	0.07396640826873385	0.16569767441860464	0.08688630490956073	0.09722222222222222	0.24450904392764858	0.10755813953488372
6	6	0.08529411764705883	0.08006535947712418	0.08529411764705883	0.1323529411764706	0.09836601307189542	0.0892156862745098	0.33366013071895423	0.09575163398692811
7	7	0.1271701388888889	0.12890625	0.1306423611111111	0.1254340277777778	0.10112847222222222	0.0993923611111111	0.1618923611111111	0.1254340277777778
8	8	0.09606481481481481	0.09143518518518519	0.08680555555555555	0.22106481481481483	0.11458333333333333	0.14544753086419754	0.14390432098765432	0.10069444444444445
9	9	0.14393939393939395	0.12777777777777777	0.11363636363636363	0.13585858585858585	0.11969696969696969	0.11363636363636363	0.1318181818181818	0.11363636363636363
10	10	0.12083333333333333	0.11712962962962963	0.1375	0.1412037037037037	0.10416666666666667	0.13935185185185187	0.13564814814814816	0.10416666666666667
11	11	0.11574074074074074	0.11574074074074074	0.11574074074074074	0.1712962962962963	0.13425925925925927	0.11574074074074074	0.11574074074074074	0.11574074074074074
12	12	0.1254340277777778	0.10286458333333333	0.10112847222222222	0.1566840277777778	0.11328125	0.11328125	0.1896701388888889	0.09765625
13	13	0.10416666666666667	0.12755847953216373	0.12024853801169591	0.18896198830409358	0.08223684210526316	0.14364035087719298	0.11001461988304094	0.12317251461988304
14	14	0.12575757575757576	0.11565656565656565	0.11363636363636363	0.15	0.13787878787878788	0.11969696969696969	0.12373737373737374	0.11363636363636363
15	15	0.1064102564102564	0.13034188034188035	0.09615384615384616	0.09957264957264957	0.11153846153846154	0.13547008547008546	0.22435897435897437	0.09615384615384616
16	16	0.1059322033898305	0.10781544256120527	0.1059322033898305	0.10781544256120527	0.1059322033898305	0.1115819209039548	0.2396421845574388	0.11534839924670433
17	17	0.10964912280701754	0.12719298245614036	0.10964912280701754	0.14473684210526316	0.10964912280701754	0.12719298245614036	0.12719298245614036	0.14473684210526316
18	18	0.12946428571428573	0.11160714285714286	0.11160714285714286	0.12946428571428573	0.11160714285714286	0.12946428571428573	0.11160714285714286	0.16517857142857142
19	19	0.14866255144032922	0.11574074074074074	0.11574074074074074	0.11574074074074074	0.11574074074074074	0.15689300411522633	0.11574074074074074	0.11574074074074074
20	20	0.09328358208955224	0.14303482587064675	0.09494195688225539	0.13805970149253732	0.1762023217247098	0.09328358208955224	0.16791044776119404	0.09328358208955224
21	21	0.13679245283018868	0.120020964360587	0.1179245283018868	0.1179245283018868	0.12421383647798742	0.13050314465408805	0.13469601677148846	0.1179245283018868
22	22	0.1228813559322034	0.11346516007532957	0.11346516007532957	0.1643126177024482	0.11534839924670433	0.10781544256120527	0.13983050847457626	0.1228813559322034
23	23	0.14240506329113925	0.15646976090014064	0.07911392405063292	0.17897327707454289	0.07911392405063292	0.10583684950773559	0.17897327707454289	0.07911392405063292
24	24	0.10855263157894737	0.12755847953216373	0.0851608187134503	0.11147660818713451	0.13194444444444445	0.1027046783625731	0.2152777777777778	0.11732456140350878
25	25	0.11779835390946503	0.11574074074074074	0.13425925925925927	0.11574074074074074	0.11574074074074074	0.11574074074074074	0.1527777777777778	0.13220164609053497
26	26	0.08238636363636363	0.14678030303030304	0.08491161616161616	0.21117424242424243	0.07859848484848485	0.14299242424242425	0.11647727272727272	0.13667929292929293
27	27	0.1059322033898305	0.166195856873823	0.1059322033898305	0.12099811676082863	0.1228813559322034	0.13041431261770245	0.13983050847457626	0.10781544256120527
28	28	0.14032567049808428	0.10775862068965517	0.10775862068965517	0.12308429118773946	0.1096743295019157	0.11159003831417624	0.17672413793103448	0.12308429118773946
29	29	0.11898148148148148	0.15231481481481482	0.10416666666666667	0.15416666666666667	0.10416666666666667	0.10416666666666667	0.1412037037037037	0.12083333333333333
30	30	0.12719298245614036	0.14278752436647174	0.10964912280701754	0.10964912280701754	0.10964912280701754	0.11159844054580896	0.1642300194931774	0.12524366471734893
31	31	0.11160714285714286	0.14732142857142858	0.12946428571428573	0.12946428571428573	0.12946428571428573	0.11160714285714286	0.11160714285714286	0.12946428571428573
32	32	0.1228813559322034	0.1115819209039548	0.13983050847457626	0.1059322033898305	0.1059322033898305	0.1228813559322034	0.16807909604519775	0.1228813559322034
33	33	0.08976964769647697	0.09383468834688347	0.1290650406504065	0.1344850948509485	0.10467479674796748	0.11686991869918699	0.2117208672086721	0.11957994579945799
34	34	0.12389770723104056	0.15211640211640212	0.12037037037037036	0.11331569664902998	0.12213403880070546	0.12037037037037036	0.14682539682539683	0.1009700176366843
35	35	0.11160714285714286	0.11755952380952381	0.11160714285714286	0.13740079365079366	0.11160714285714286	0.14930555555555555	0.11359126984126984	0.14732142857142858
36	36	0.1259018759018759	0.18362193362193363	0.10281385281385282	0.11147186147186147	0.16053391053391053	0.08982683982683982	0.11868686868686869	0.10714285714285714
37	37	0.15361952861952863	0.14183501683501684	0.0946969696969697	0.125	0.1148989898989899	0.0946969696969697	0.17045454545454544	0.10479797979797979
38	38	0.12254901960784313	0.1377995642701525	0.12254901960784313	0.1247276688453159	0.12254901960784313	0.12254901960784313	0.1247276688453159	0.12254901960784313
39	39	0.11301369863013698	0.10996955859969558	0.09170471841704718	0.1815068493150685	0.09322678843226788	0.1251902587519026	0.173896499238965	0.11149162861491628
40	40	0.14305555555555555	0.12453703703703704	0.10416666666666667	0.10416666666666667	0.1486111111111111	0.10416666666666667	0.14675925925925926	0.12453703703703704
41	41	0.11703096539162113	0.10245901639344263	0.10245901639344263	0.12067395264116576	0.11885245901639344	0.11885245901639344	0.12978142076502733	0.18989071038251365
42	42	0.0946969696969697	0.12836700336700338	0.10984848484848485	0.125	0.16203703703703703	0.125	0.15361952861952863	0.10143097643097643
43	43	0.11328125	0.1566840277777778	0.0993923611111111	0.11675347222222222	0.09765625	0.14453125	0.1584201388888889	0.11328125
44	44	0.1281094527363184	0.1181592039800995	0.12313432835820895	0.15298507462686567	0.09328358208955224	0.09328358208955224	0.16791044776119404	0.12313432835820895
45	45	0.1201923076923077	0.13942307692307693	0.1201923076923077	0.1201923076923077	0.1201923076923077	0.1201923076923077	0.13942307692307693	0.1201923076923077
46	46	0.14136904761904762	0.11160714285714286	0.11755952380952381	0.11160714285714286	0.11160714285714286	0.11755952380952381	0.17708333333333334	0.11160714285714286
47	47	0.16035353535353536	0.10984848484848485	0.15698653198653198	0.13173400673400673	0.13846801346801346	0.0946969696969697	0.11321548821548821	0.0946969696969697
48	48	0.1115451388888889	0.13758680555555555	0.10980902777777778	0.11328125	0.1462673611111111	0.11675347222222222	0.16710069444444445	0.09765625
49	49	0.13942307692307693	0.13942307692307693	0.1201923076923077	0.1201923076923077	0.1201923076923077	0.1201923076923077	0.1201923076923077	0.1201923076923077
50	50	0.11532738095238096	0.1212797619047619	0.06572420634920635	0.18080357142857142	0.11830357142857142	0.07366071428571429	0.24231150793650794	0.08258928571428571
51	51	0.1179245283018868	0.1179245283018868	0.13679245283018868	0.1179245283018868	0.1179245283018868	0.13679245283018868	0.13679245283018868	0.1179245283018868
52	52	0.11574074074074074	0.14248971193415638	0.11574074074074074	0.11574074074074074	0.11574074074074074	0.13425925925925927	0.14454732510288065	0.11574074074074074
53	53	0.12918871252204586	0.10449735449735449	0.0992063492063492	0.12742504409171077	0.0992063492063492	0.17680776014109348	0.13271604938271606	0.13095238095238096
54	54	0.13214285714285715	0.1496031746031746	0.08928571428571429	0.11468253968253968	0.11785714285714285	0.13214285714285715	0.16071428571428573	0.10357142857142858
55	55	0.11385836385836386	0.10775335775335776	0.1040903540903541	0.1285103785103785	0.1382783882783883	0.15293040293040294	0.17857142857142858	0.076007326007326
56	56	0.10775862068965517	0.10775862068965517	0.10775862068965517	0.125	0.11159003831417624	0.125	0.19013409961685823	0.125
57	57	0.10245901639344263	0.13524590163934427	0.10245901639344263	0.18442622950819673	0.14981785063752276	0.10245901639344263	0.10245901639344263	0.12067395264116576
58	58	0.10245901639344263	0.10610200364298725	0.10245901639344263	0.13524590163934427	0.10245901639344263	0.17349726775956284	0.17531876138433516	0.10245901639344263
59	59	0.1318181818181818	0.12171717171717172	0.11565656565656565	0.11363636363636363	0.12171717171717172	0.16818181818181818	0.11363636363636363	0.11363636363636363
60	60	0.1064102564102564	0.1405982905982906	0.10128205128205128	0.14914529914529914	0.14914529914529914	0.10128205128205128	0.14914529914529914	0.10299145299145299
61	61	0.09765625	0.15147569444444445	0.09765625	0.16015625	0.14453125	0.09765625	0.13758680555555555	0.11328125
62	62	0.12389770723104056	0.11684303350970017	0.11507936507936507	0.0992063492063492	0.11507936507936507	0.14153439153439154	0.1697530864197531	0.11860670194003527
63	63	0.1201923076923077	0.1201923076923077	0.1201923076923077	0.1201923076923077	0.13942307692307693	0.1201923076923077	0.1201923076923077	0.13942307692307693
64	64	0.13425925925925927	0.11574074074074074	0.11574074074074074	0.13425925925925927	0.11779835390946503	0.11574074074074074	0.13425925925925927	0.13220164609053497
65	65	0.1623015873015873	0.08928571428571429	0.11785714285714285	0.12420634920634921	0.13690476190476192	0.13214285714285715	0.14642857142857144	0.09087301587301587
66	66	0.11574074074074074	0.13425925925925927	0.11574074074074074	0.13425925925925927	0.11574074074074074	0.13425925925925927	0.11574074074074074	0.13425925925925927
67	67	0.125	0.125	0.125	0.125	0.125	0.125	0.125	0.125
68	68	0.12254901960784313	0.12254901960784313	0.12254901960784313	0.12254901960784313	0.14215686274509803	0.12254901960784313	0.12254901960784313	0.12254901960784313
69	69	0.1379472693032015	0.1228813559322034	0.1059322033898305	0.1059322033898305	0.13983050847457626	0.12476459510357815	0.15677966101694915	0.1059322033898305
70	70	0.1638888888888889	0.12103174603174603	0.09404761904761905	0.10674603174603174	0.12896825396825398	0.1130952380952381	0.16865079365079366	0.10357142857142858
71	71	0.1330128205128205	0.1201923076923077	0.1201923076923077	0.1201923076923077	0.1201923076923077	0.1201923076923077	0.14583333333333334	0.1201923076923077
72	72	0.09947447447447448	0.11148648648648649	0.13701201201201202	0.20157657657657657	0.11148648648648649	0.10247747747747747	0.15202702702702703	0.08445945945945946
73	73	0.10286458333333333	0.13585069444444445	0.16015625	0.16015625	0.0993923611111111	0.09765625	0.1306423611111111	0.11328125
74	74	0.1201923076923077	0.13942307692307693	0.1201923076923077	0.1201923076923077	0.12232905982905982	0.1372863247863248	0.1201923076923077	0.1201923076923077
75	75	0.09269662921348315	0.11017478152309614	0.12765293383270912	0.08270911360799	0.10518102372034956	0.1626092384519351	0.20131086142322097	0.11766541822721598
76	76	0.11574074074074074	0.1383744855967078	0.11574074074074074	0.11574074074074074	0.16718106995884774	0.11574074074074074	0.11574074074074074	0.11574074074074074
77	77	0.11565656565656565	0.1398989898989899	0.12171717171717172	0.11363636363636363	0.11363636363636363	0.11363636363636363	0.16818181818181818	0.11363636363636363
78	78	0.15756704980842912	0.125	0.10775862068965517	0.10775862068965517	0.10775862068965517	0.125	0.1613984674329502	0.10775862068965517
79	79	0.11779835390946503	0.11574074074074074	0.11574074074074074	0.11574074074074074	0.11574074074074074	0.169238683127572	0.13425925925925927	0.11574074074074074
80	80	0.1150173611111111	0.2035590277777778	0.1150173611111111	0.13758680555555555	0.09765625	0.10460069444444445	0.11328125	0.11328125
81	81	0.11160714285714286	0.13740079365079366	0.11160714285714286	0.12946428571428573	0.11160714285714286	0.12946428571428573	0.13938492063492064	0.12946428571428573
82	82	0.09974747474747475	0.13173400673400673	0.11994949494949494	0.0946969696969697	0.14015151515151514	0.14015151515151514	0.17887205387205388	0.0946969696969697
83	83	0.13929738562091504	0.11805555555555555	0.10661764705882353	0.09191176470588236	0.10661764705882353	0.1474673202614379	0.18341503267973855	0.10661764705882353
84	84	0.12099811676082863	0.1228813559322034	0.1059322033898305	0.13983050847457626	0.1228813559322034	0.1059322033898305	0.1756120527306968	0.1059322033898305
85	85	0.1228813559322034	0.1228813559322034	0.1059322033898305	0.134180790960452	0.1059322033898305	0.1228813559322034	0.16242937853107345	0.1228813559322034
86	86	0.10479797979797979	0.10984848484848485	0.10984848484848485	0.1148989898989899	0.0946969696969697	0.10984848484848485	0.2276936026936027	0.12836700336700338
87	87	0.11153846153846154	0.20213675213675214	0.11495726495726495	0.13376068376068376	0.10128205128205128	0.09786324786324786	0.12692307692307692	0.11153846153846154
88	88	0.09248737373737374	0.13541666666666666	0.09248737373737374	0.09375	0.1720328282828283	0.12657828282828282	0.17329545454545456	0.11395202020202021
89	89	0.14682539682539683	0.12037037037037036	0.14329805996472664	0.11155202821869488	0.1009700176366843	0.1009700176366843	0.1662257495590829	0.10978835978835978
90	90	0.11363636363636363	0.1318181818181818	0.1318181818181818	0.11565656565656565	0.11363636363636363	0.15808080808080807	0.11363636363636363	0.12171717171717172
91	91	0.120020964360587	0.1388888888888889	0.1179245283018868	0.13469601677148846	0.13469601677148846	0.1179245283018868	0.1179245283018868	0.1179245283018868
92	92	0.07979302832244009	0.10484749455337691	0.11465141612200436	0.08306100217864924	0.11465141612200436	0.14624183006535948	0.26062091503267976	0.09613289760348584
93	93	0.0992063492063492	0.14682539682539683	0.0992063492063492	0.0992063492063492	0.12037037037037036	0.1609347442680776	0.1574074074074074	0.11684303350970017
94	94	0.11160714285714286	0.11160714285714286	0.11160714285714286	0.12946428571428573	0.11359126984126984	0.16517857142857142	0.13938492063492064	0.11755952380952381
95	95	0.11574074074074074	0.13425925925925927	0.11574074074074074	0.11574074074074074	0.11574074074074074	0.1527777777777778	0.13425925925925927	0.11574074074074074
96	96	0.15231481481481482	0.1375	0.10416666666666667	0.10416666666666667	0.12083333333333333	0.10416666666666667	0.13935185185185187	0.1375
97	97	0.12163299663299663	0.10984848484848485	0.1553030303030303	0.09638047138047139	0.18897306397306396	0.0946969696969697	0.1334175084175084	0.09974747474747475
98	98	0.11363636363636363	0.11363636363636363	0.11363636363636363	0.11363636363636363	0.15	0.12777777777777777	0.1318181818181818	0.13585858585858585
99	99	0.10601851851851851	0.10416666666666667	0.10416666666666667	0.13564814814814816	0.12638888888888888	0.15046296296296297	0.16712962962962963	0.10601851851851851
100	100	0.11898148148148148	0.1412037037037037	0.11712962962962963	0.1375	0.10416666666666667	0.12083333333333333	0.15601851851851853	0.10416666666666667
101	101	0.1179245283018868	0.1179245283018868	0.1179245283018868	0.15566037735849056	0.1179245283018868	0.13679245283018868	0.1179245283018868	0.1179245283018868
102	102	0.11574074074074074	0.11574074074074074	0.11574074074074074	0.1301440329218107	0.13425925925925927	0.11574074074074074	0.1383744855967078	0.13425925925925927
103	103	0.1372863247863248	0.1201923076923077	0.1201923076923077	0.1201923076923077	0.1201923076923077	0.13942307692307693	0.12232905982905982	0.1201923076923077
104	104	0.1047008547008547	0.13205128205128205	0.09615384615384616	0.12692307692307692	0.09957264957264957	0.15598290598290598	0.18504273504273505	0.09957264957264957
105	105	0.1322975517890772	0.11534839924670433	0.1059322033898305	0.15112994350282485	0.1059322033898305	0.1059322033898305	0.17749529190207156	0.1059322033898305
106	106	0.11160714285714286	0.14732142857142858	0.11160714285714286	0.11160714285714286	0.12946428571428573	0.14732142857142858	0.12946428571428573	0.11160714285714286
107	107	0.11328125	0.1150173611111111	0.1306423611111111	0.14453125	0.09765625	0.09765625	0.1723090277777778	0.12890625
108	108	0.16111111111111112	0.11044444444444444	0.058888888888888886	0.19133333333333333	0.066	0.09533333333333334	0.25	0.06688888888888889
109	109	0.125	0.14032567049808428	0.10775862068965517	0.10775862068965517	0.10775862068965517	0.125	0.17863984674329503	0.10775862068965517
110	110	0.19618055555555555	0.140625	0.10729166666666666	0.13506944444444444	0.078125	0.11423611111111111	0.15034722222222222	0.078125
111	111	0.13679245283018868	0.1179245283018868	0.13050314465408805	0.1179245283018868	0.1179245283018868	0.12421383647798742	0.13679245283018868	0.1179245283018868
112	112	0.0892156862745098	0.11143790849673203	0.1323529411764706	0.12581699346405228	0.08006535947712418	0.11405228758169934	0.26176470588235295	0.08529411764705883
113	113	0.1201923076923077	0.12446581196581197	0.1201923076923077	0.1201923076923077	0.1201923076923077	0.13514957264957264	0.13942307692307693	0.1201923076923077
114	114	0.14423076923076922	0.13141025641025642	0.10434472934472934	0.13283475783475784	0.13425925925925927	0.1071937321937322	0.16417378917378916	0.08155270655270655
115	115	0.13391376451077944	0.1521558872305141	0.12728026533996684	0.13778330569375347	0.08471531232725263	0.0708955223880597	0.24613045881702597	0.04712548369264787
116	116	0.08506944444444445	0.1267361111111111	0.12534722222222222	0.103125	0.1753472222222222	0.11284722222222222	0.1642361111111111	0.10729166666666666
117	117	0.11525341130604289	0.0996588693957115	0.07041910331384016	0.22344054580896686	0.12889863547758285	0.0996588693957115	0.19809941520467836	0.06457115009746589
118	118	0.1179245283018868	0.1179245283018868	0.1179245283018868	0.1179245283018868	0.13679245283018868	0.1179245283018868	0.15566037735849056	0.1179245283018868
119	119	0.11574074074074074	0.1301440329218107	0.12191358024691358	0.13220164609053497	0.11574074074074074	0.11574074074074074	0.14454732510288065	0.12397119341563786
120	120	0.0992063492063492	0.1027336860670194	0.14329805996472664	0.12037037037037036	0.11507936507936507	0.13271604938271606	0.1697530864197531	0.11684303350970017
121	121	0.11693548387096774	0.12410394265232975	0.11514336917562724	0.13306451612903225	0.10080645161290322	0.1527777777777778	0.15456989247311828	0.10259856630824372
122	122	0.11968954248366014	0.1213235294117647	0.10498366013071896	0.13602941176470587	0.11805555555555555	0.10825163398692811	0.18178104575163398	0.10988562091503268
123	123	0.09765625	0.13932291666666666	0.09765625	0.09765625	0.09765625	0.2261284722222222	0.1306423611111111	0.11328125
124	124	0.11925287356321838	0.11350574712643678	0.10775862068965517	0.15948275862068967	0.125	0.10775862068965517	0.15756704980842912	0.1096743295019157
125	125	0.11574074074074074	0.11574074074074074	0.11574074074074074	0.11574074074074074	0.13425925925925927	0.13425925925925927	0.1527777777777778	0.11574074074074074
126	126	0.14224137931034483	0.14224137931034483	0.125	0.125	0.10775862068965517	0.125	0.125	0.10775862068965517
127	127	0.2053656220322887	0.10375118708452041	0.1502849002849003	0.13509021842355176	0.06861348528015195	0.08855650522317189	0.17402659069325735	0.07431149097815765
128	128	0.1383744855967078	0.11574074074074074	0.11574074074074074	0.14866255144032922	0.11574074074074074	0.13425925925925927	0.11574074074074074	0.11574074074074074
129	129	0.11160714285714286	0.14732142857142858	0.11557539682539683	0.11160714285714286	0.1433531746031746	0.14732142857142858	0.11160714285714286	0.11160714285714286
130	130	0.11318407960199005	0.1181592039800995	0.09328358208955224	0.09328358208955224	0.13805970149253732	0.1413764510779436	0.18117744610281925	0.1214759535655058
131	131	0.12192982456140351	0.15584795321637426	0.1347953216374269	0.12660818713450292	0.1757309941520468	0.11140350877192982	0.09385964912280702	0.07982456140350877
132	132	0.1228813559322034	0.1228813559322034	0.13983050847457626	0.13983050847457626	0.1059322033898305	0.1059322033898305	0.15677966101694915	0.1059322033898305
133	133	0.16844729344729345	0.129985754985755	0.11858974358974358	0.09294871794871795	0.10576923076923077	0.13283475783475784	0.16987179487179488	0.08155270655270655
134	134	0.1179245283018868	0.1179245283018868	0.1179245283018868	0.1179245283018868	0.1179245283018868	0.1179245283018868	0.15566037735849056	0.13679245283018868
135	135	0.1201923076923077	0.1201923076923077	0.1201923076923077	0.1201923076923077	0.1201923076923077	0.13942307692307693	0.1201923076923077	0.13942307692307693
136	136	0.12690631808278868	0.12254901960784313	0.12254901960784313	0.1377995642701525	0.12254901960784313	0.12254901960784313	0.12254901960784313	0.12254901960784313
137	137	0.11427566807313642	0.11849507735583685	0.09880450070323488	0.08333333333333333	0.10021097046413502	0.0889592123769339	0.3139943741209564	0.08192686357243319
138	138	0.11363636363636363	0.13383838383838384	0.11363636363636363	0.16616161616161615	0.11363636363636363	0.11363636363636363	0.11363636363636363	0.1318181818181818
139	139	0.10781544256120527	0.13041431261770245	0.13606403013182675	0.11911487758945385	0.1059322033898305	0.1285310734463277	0.13041431261770245	0.14171374764595104
140	140	0.10833333333333334	0.11785714285714285	0.12896825396825398	0.11150793650793651	0.2226190476190476	0.08928571428571429	0.10357142857142858	0.11785714285714285
141	141	0.13425925925925927	0.11574074074074074	0.11574074074074074	0.13425925925925927	0.11574074074074074	0.1527777777777778	0.11574074074074074	0.11574074074074074
142	142	0.11419753086419752	0.14300411522633744	0.1388888888888889	0.08950617283950617	0.12791495198902605	0.08401920438957476	0.22119341563786007	0.08127572016460906
143	143	0.1201923076923077	0.1201923076923077	0.1201923076923077	0.13942307692307693	0.1201923076923077	0.1201923076923077	0.1201923076923077	0.13942307692307693
144	144	0.11574074074074074	0.11574074074074074	0.11574074074074074	0.11574074074074074	0.11574074074074074	0.11574074074074074	0.1527777777777778	0.1527777777777778
145	145	0.10984848484848485	0.125	0.10984848484848485	0.10984848484848485	0.11153198653198654	0.13846801346801346	0.1856060606060606	0.10984848484848485
146	146	0.14473684210526316	0.10964912280701754	0.10964912280701754	0.14473684210526316	0.12719298245614036	0.12719298245614036	0.12719298245614036	0.10964912280701754
147	147	0.11701388888888889	0.13506944444444444	0.09895833333333333	0.15590277777777778	0.12256944444444444	0.10451388888888889	0.16284722222222223	0.103125
148	148	0.10982905982905983	0.1047008547008547	0.11324786324786325	0.1371794871794872	0.11153846153846154	0.12008547008547009	0.16282051282051282	0.1405982905982906
149	149	0.12524366471734893	0.12914230019493178	0.1564327485380117	0.12719298245614036	0.10964912280701754	0.10964912280701754	0.13304093567251463	0.10964912280701754
150	150	0.11153198653198654	0.12331649831649831	0.18055555555555555	0.0946969696969697	0.15867003367003368	0.0946969696969697	0.14183501683501684	0.0946969696969697
151	151	0.14919354838709678	0.10797491039426524	0.10080645161290322	0.1975806451612903	0.11693548387096774	0.10080645161290322	0.12589605734767026	0.10080645161290322
152	152	0.14548022598870056	0.1059322033898305	0.134180790960452	0.15677966101694915	0.1059322033898305	0.1059322033898305	0.13983050847457626	0.1059322033898305
153	153	0.09615384615384616	0.12179487179487179	0.16623931623931623	0.11837606837606837	0.12863247863247862	0.11324786324786325	0.1371794871794872	0.11837606837606837
154	154	0.1201923076923077	0.1372863247863248	0.1201923076923077	0.12446581196581197	0.1201923076923077	0.1201923076923077	0.1201923076923077	0.1372863247863248
155	155	0.11160714285714286	0.12946428571428573	0.12946428571428573	0.14732142857142858	0.12946428571428573	0.11160714285714286	0.11160714285714286	0.12946428571428573
156	156	0.11574074074074074	0.13220164609053497	0.12808641975308643	0.1198559670781893	0.11574074074074074	0.11574074074074074	0.13631687242798354	0.13631687242798354
157	157	0.11785714285714285	0.11944444444444445	0.10357142857142858	0.11468253968253968	0.10357142857142858	0.17023809523809524	0.18134920634920634	0.08928571428571429
158	158	0.11160714285714286	0.11160714285714286	0.12748015873015872	0.1314484126984127	0.14732142857142858	0.12946428571428573	0.12946428571428573	0.11160714285714286
159	159	0.10964912280701754	0.11744639376218323	0.10964912280701754	0.10964912280701754	0.10964912280701754	0.16228070175438597	0.17202729044834308	0.10964912280701754
160	160	0.09328358208955224	0.1148424543946932	0.1181592039800995	0.15961857379767827	0.10986733001658375	0.17288557213930347	0.13805970149253732	0.09328358208955224
161	161	0.1179245283018868	0.13679245283018868	0.1179245283018868	0.1179245283018868	0.1179245283018868	0.1179245283018868	0.13679245283018868	0.13679245283018868
162	162	0.0992063492063492	0.11507936507936507	0.1626984126984127	0.13095238095238096	0.11507936507936507	0.0992063492063492	0.15388007054673722	0.12389770723104056
163	163	0.11363636363636363	0.12373737373737374	0.1297979797979798	0.1318181818181818	0.1318181818181818	0.11565656565656565	0.1398989898989899	0.11363636363636363
164	164	0.202991452991453	0.1346153846153846	0.09065934065934066	0.13217338217338218	0.10531135531135531	0.07967032967032966	0.17857142857142858	0.076007326007326
165	165	0.07890855457227139	0.09857423795476893	0.1418387413962635	0.1388888888888889	0.1172566371681416	0.12020648967551623	0.24016715830875124	0.06415929203539823
166	166	0.11342592592592593	0.12638888888888888	0.12083333333333333	0.12083333333333333	0.11342592592592593	0.12083333333333333	0.16342592592592592	0.12083333333333333
167	167	0.14473684210526316	0.16228070175438597	0.10964912280701754	0.12719298245614036	0.10964912280701754	0.10964912280701754	0.12719298245614036	0.10964912280701754
168	168	0.10245901639344263	0.12978142076502733	0.10428051001821494	0.15163934426229508	0.1662112932604736	0.13706739526411657	0.10610200364298725	0.10245901639344263
169	169	0.13679245283018868	0.12840670859538783	0.13679245283018868	0.1179245283018868	0.1179245283018868	0.120020964360587	0.12421383647798742	0.1179245283018868
170	170	0.12719298245614036	0.10964912280701754	0.10964912280701754	0.10964912280701754	0.10964912280701754	0.17592592592592593	0.148635477582846	0.10964912280701754
171	171	0.11507936507936507	0.1626984126984127	0.0992063492063492	0.0992063492063492	0.0992063492063492	0.0992063492063492	0.2261904761904762	0.0992063492063492
172	172	0.14656432748538012	0.08369883040935673	0.1684941520467836	0.10855263157894737	0.12317251461988304	0.1070906432748538	0.18019005847953215	0.08223684210526316
173	173	0.1179245283018868	0.1179245283018868	0.1179245283018868	0.1179245283018868	0.13679245283018868	0.1179245283018868	0.14727463312368974	0.12631027253668764
174	174	0.14732142857142858	0.11160714285714286	0.11160714285714286	0.12946428571428573	0.11160714285714286	0.11160714285714286	0.16517857142857142	0.11160714285714286
175	175	0.11363636363636363	0.12777777777777777	0.11363636363636363	0.1621212121212121	0.11363636363636363	0.11363636363636363	0.1318181818181818	0.12373737373737374
176	176	0.1179245283018868	0.15566037735849056	0.1179245283018868	0.1179245283018868	0.1179245283018868	0.13679245283018868	0.1179245283018868	0.1179245283018868
177	177	0.1179245283018868	0.1179245283018868	0.1179245283018868	0.13679245283018868	0.1179245283018868	0.1179245283018868	0.13679245283018868	0.13679245283018868
178	178	0.10964912280701754	0.1466861598440546	0.13499025341130605	0.12719298245614036	0.13304093567251463	0.10964912280701754	0.12719298245614036	0.11159844054580896
179	179	0.11363636363636363	0.11565656565656565	0.11565656565656565	0.11363636363636363	0.1318181818181818	0.1297979797979798	0.16616161616161615	0.11363636363636363
180	180	0.09992784992784992	0.1562049062049062	0.11868686868686869	0.1056998556998557	0.08116883116883117	0.14321789321789322	0.16197691197691197	0.1331168831168831
181	181	0.22353249475890985	0.06315513626834382	0.09460167714884696	0.1229035639412998	0.15435010482180295	0.06839622641509434	0.20151991614255765	0.07154088050314465
182	182	0.10080645161290322	0.13127240143369176	0.10797491039426524	0.10797491039426524	0.11693548387096774	0.15456989247311828	0.13306451612903225	0.14740143369175626
183	183	0.12397119341563786	0.1301440329218107	0.11574074074074074	0.11574074074074074	0.11574074074074074	0.12191358024691358	0.1610082304526749	0.11574074074074074
184	184	0.1670875420875421	0.12331649831649831	0.13846801346801346	0.11153198653198654	0.0946969696969697	0.09806397306397306	0.14183501683501684	0.125
185	185	0.14473684210526316	0.10964912280701754	0.10964912280701754	0.12914230019493178	0.12524366471734893	0.10964912280701754	0.15448343079922028	0.11744639376218323
186	186	0.11693548387096774	0.15994623655913978	0.10080645161290322	0.13306451612903225	0.11155913978494623	0.14023297491039427	0.10439068100358423	0.13306451612903225
187	187	0.1318181818181818	0.11363636363636363	0.11363636363636363	0.1297979797979798	0.11363636363636363	0.11565656565656565	0.16818181818181818	0.11363636363636363
188	188	0.12083333333333333	0.12083333333333333	0.11342592592592593	0.10416666666666667	0.12083333333333333	0.12083333333333333	0.17824074074074073	0.12083333333333333
189	189	0.12946428571428573	0.13541666666666666	0.11160714285714286	0.1453373015873016	0.11160714285714286	0.1195436507936508	0.13541666666666666	0.11160714285714286
190	190	0.12918871252204586	0.1626984126984127	0.0992063492063492	0.13095238095238096	0.10802469135802469	0.10802469135802469	0.13447971781305115	0.12742504409171077
191	191	0.1318181818181818	0.12373737373737374	0.12777777777777777	0.11363636363636363	0.11363636363636363	0.11363636363636363	0.1398989898989899	0.13585858585858585
192	192	0.13425925925925927	0.11574074074074074	0.11574074074074074	0.11574074074074074	0.13425925925925927	0.11574074074074074	0.13425925925925927	0.13425925925925927
193	193	0.10775862068965517	0.10775862068965517	0.10775862068965517	0.13266283524904215	0.1556513409961686	0.13457854406130268	0.14415708812260536	0.1096743295019157
194	194	0.1179245283018868	0.13050314465408805	0.1179245283018868	0.1179245283018868	0.1179245283018868	0.1179245283018868	0.15775681341719078	0.12211740041928722
195	195	0.13679245283018868	0.1179245283018868	0.1179245283018868	0.1179245283018868	0.13679245283018868	0.1179245283018868	0.13679245283018868	0.1179245283018868
196	196	0.15163934426229508	0.12431693989071038	0.10974499089253188	0.10245901639344263	0.10792349726775956	0.1261384335154827	0.16256830601092895	0.11520947176684881
197	197	0.11328125	0.1254340277777778	0.11328125	0.1254340277777778	0.10633680555555555	0.13932291666666666	0.1792534722222222	0.09765625
198	198	0.14224137931034483	0.10775862068965517	0.11542145593869732	0.125	0.11733716475095786	0.10775862068965517	0.14224137931034483	0.14224137931034483
199	199	0.09660033167495855	0.10820895522388059	0.09991708126036485	0.10986733001658375	0.1181592039800995	0.11650082918739635	0.2574626865671642	0.09328358208955224
200	200	0.11291486291486291	0.1331168831168831	0.0955988455988456	0.0854978354978355	0.08116883116883117	0.12301587301587301	0.2730880230880231	0.0955988455988456
201	201	0.13649425287356323	0.11159003831417624	0.14032567049808428	0.1096743295019157	0.10775862068965517	0.11542145593869732	0.17097701149425287	0.10775862068965517
202	202	0.10978835978835978	0.12037037037037036	0.15564373897707232	0.12037037037037036	0.13800705467372135	0.10449735449735449	0.15211640211640212	0.0992063492063492
203	203	0.12397119341563786	0.11574074074074074	0.1404320987654321	0.11574074074074074	0.11574074074074074	0.1198559670781893	0.13425925925925927	0.13425925925925927
204	204	0.13214285714285715	0.19404761904761905	0.10357142857142858	0.17023809523809524	0.10992063492063492	0.08928571428571429	0.10357142857142858	0.09722222222222222
205	205	0.10416666666666667	0.12638888888888888	0.12083333333333333	0.12083333333333333	0.1300925925925926	0.13935185185185187	0.12638888888888888	0.13194444444444445
206	206	0.10964912280701754	0.15448343079922028	0.10964912280701754	0.11744639376218323	0.10964912280701754	0.14278752436647174	0.14473684210526316	0.11159844054580896
207	207	0.13853276353276353	0.1128917378917379	0.08012820512820513	0.08725071225071225	0.09152421652421652	0.129985754985755	0.26816239316239315	0.09152421652421652
208	208	0.12152777777777778	0.11160714285714286	0.1195436507936508	0.16517857142857142	0.12946428571428573	0.11160714285714286	0.12152777777777778	0.1195436507936508
209	209	0.10241301907968575	0.14169472502805835	0.09231200897867564	0.12485970819304153	0.08445566778900113	0.07772166105499438	0.2786195286195286	0.09792368125701459
210	210	0.1179245283018868	0.12421383647798742	0.1179245283018868	0.1179245283018868	0.13679245283018868	0.1179245283018868	0.14937106918238993	0.1179245283018868
211	211	0.09840425531914894	0.11140661938534278	0.21306146572104018	0.07476359338061465	0.07594562647754137	0.09367612293144208	0.2296099290780142	0.10313238770685579
212	212	0.11944444444444445	0.08928571428571429	0.09563492063492063	0.09404761904761905	0.0988095238095238	0.08928571428571429	0.21785714285714286	0.19563492063492063
213	213	0.12524366471734893	0.10964912280701754	0.11159844054580896	0.12524366471734893	0.12134502923976608	0.13693957115009747	0.16033138401559455	0.10964912280701754
214	214	0.13706739526411657	0.11703096539162113	0.10245901639344263	0.13342440801457195	0.10428051001821494	0.13524590163934427	0.1680327868852459	0.10245901639344263
215	215	0.11160714285714286	0.14732142857142858	0.11160714285714286	0.11160714285714286	0.11359126984126984	0.11160714285714286	0.16517857142857142	0.12748015873015872
216	216	0.10331978319783197	0.1344850948509485	0.08841463414634146	0.08299457994579945	0.09925474254742547	0.11144986449864498	0.30386178861788615	0.07621951219512195
217	217	0.13425925925925927	0.11779835390946503	0.11574074074074074	0.11574074074074074	0.11574074074074074	0.11574074074074074	0.169238683127572	0.11574074074074074
218	218	0.1252136752136752	0.09615384615384616	0.11324786324786325	0.1576923076923077	0.12350427350427351	0.14572649572649574	0.1423076923076923	0.09615384615384616
219	219	0.12254901960784313	0.12254901960784313	0.12254901960784313	0.12254901960784313	0.12254901960784313	0.14215686274509803	0.12254901960784313	0.12254901960784313
220	220	0.13942307692307693	0.12232905982905982	0.1201923076923077	0.1201923076923077	0.1201923076923077	0.1330128205128205	0.12446581196581197	0.1201923076923077
221	221	0.12397119341563786	0.11574074074074074	0.11574074074074074	0.11574074074074074	0.12602880658436214	0.11574074074074074	0.14660493827160495	0.1404320987654321
222	222	0.11872759856630824	0.10080645161290322	0.11693548387096774	0.1635304659498208	0.11693548387096774	0.10080645161290322	0.1635304659498208	0.11872759856630824
223	223	0.13425925925925927	0.11574074074074074	0.11574074074074074	0.11574074074074074	0.13425925925925927	0.13425925925925927	0.13425925925925927	0.11574074074074074
224	224	0.20833333333333334	0.12051971326164874	0.10080645161290322	0.12589605734767026	0.10080645161290322	0.12051971326164874	0.11872759856630824	0.10439068100358423
225	225	0.09328358208955224	0.12479270315091211	0.09328358208955224	0.13805970149253732	0.16625207296849087	0.09328358208955224	0.1961028192371476	0.09494195688225539
226	226	0.15163934426229508	0.15163934426229508	0.15163934426229508	0.10245901639344263	0.10245901639344263	0.11885245901639344	0.11885245901639344	0.10245901639344263
227	227	0.11848958333333333	0.10112847222222222	0.12196180555555555	0.09765625	0.09765625	0.1427951388888889	0.19140625	0.12890625
228	228	0.11693548387096774	0.10080645161290322	0.10080645161290322	0.1868279569892473	0.10080645161290322	0.10080645161290322	0.1922043010752688	0.10080645161290322
229	229	0.11483390607101947	0.09192439862542956	0.0781786941580756	0.09421534936998854	0.11827033218785796	0.11941580756013746	0.26260022909507447	0.12056128293241695
230	230	0.10077047850770479	0.10725871857258719	0.09752635847526359	0.2864963503649635	0.144566098945661	0.04562043795620438	0.16484184914841848	0.05291970802919708
231	231	0.1284722222222222	0.1392746913580247	0.11766975308641975	0.12384259259259259	0.16087962962962962	0.10069444444444445	0.1423611111111111	0.08680555555555555
232	232	0.10964912280701754	0.17982456140350878	0.10964912280701754	0.10964912280701754	0.12719298245614036	0.10964912280701754	0.14473684210526316	0.10964912280701754
233	233	0.12602880658436214	0.12397119341563786	0.11574074074074074	0.1527777777777778	0.11574074074074074	0.11574074074074074	0.13425925925925927	0.11574074074074074
234	234	0.11574074074074074	0.11779835390946503	0.11574074074074074	0.12602880658436214	0.1198559670781893	0.15895061728395063	0.11574074074074074	0.1301440329218107
235	235	0.12719298245614036	0.12719298245614036	0.12524366471734893	0.10964912280701754	0.10964912280701754	0.12914230019493178	0.1388888888888889	0.13304093567251463
236	236	0.11574074074074074	0.12191358024691358	0.11574074074074074	0.11574074074074074	0.11574074074074074	0.14248971193415638	0.1383744855967078	0.13425925925925927
237	237	0.1201923076923077	0.1201923076923077	0.1201923076923077	0.15865384615384615	0.1201923076923077	0.1201923076923077	0.1201923076923077	0.1201923076923077
238	238	0.10964912280701754	0.13304093567251463	0.12719298245614036	0.10964912280701754	0.10964912280701754	0.1154970760233918	0.18567251461988304	0.10964912280701754
239	239	0.13679245283018868	0.1179245283018868	0.1179245283018868	0.1179245283018868	0.1179245283018868	0.13679245283018868	0.13679245283018868	0.1179245283018868
240	240	0.1462673611111111	0.10460069444444445	0.1115451388888889	0.14453125	0.10980902777777778	0.10460069444444445	0.17578125	0.10286458333333333
241	241	0.13627450980392156	0.13104575163398693	0.0892156862745098	0.08790849673202615	0.11797385620915032	0.12581699346405228	0.22647058823529412	0.08529411764705883
242	242	0.12719298245614036	0.12719298245614036	0.10964912280701754	0.16228070175438597	0.10964912280701754	0.10964912280701754	0.14473684210526316	0.10964912280701754
243	243	0.11473429951690821	0.12439613526570048	0.09380032206119163	0.11312399355877617	0.11634460547504026	0.17592592592592593	0.1501610305958132	0.11151368760064412
244	244	0.11363636363636363	0.15	0.11363636363636363	0.1318181818181818	0.11363636363636363	0.11363636363636363	0.13585858585858585	0.12777777777777777
245	245	0.11755952380952381	0.11160714285714286	0.11160714285714286	0.11160714285714286	0.1949404761904762	0.12946428571428573	0.11160714285714286	0.11160714285714286
