#doc name topic proportion ...
0	0	0.13477088948787044	0.13477088948787044	0.17250673854447413	0.13477088948787044	0.13477088948787044	0.15363881401617227	0.13477088948787044
1	1	0.13227513227513213	0.13227513227513213	0.13227513227513213	0.13227513227513213	0.13227513227513213	0.17960023515579043	0.15902410346854767
2	2	0.1253132832080199	0.1253132832080199	0.13311055416318557	0.1253132832080199	0.1253132832080199	0.1604010025062654	0.20523531049846808
3	3	0.1275510204081631	0.1275510204081631	0.19104308390022645	0.1275510204081631	0.14540816326530587	0.14540816326530587	0.13548752834467104
4	4	0.12106537530266331	0.15873015873015853	0.1794457896152809	0.15684691955878374	0.12106537530266331	0.12106537530266331	0.14178100618778566
5	5	0.12181616832779624	0.16574381690660764	0.2445551864156516	0.08693244739756371	0.11148025101513474	0.09726836471022518	0.17220376522702108
6	6	0.09971988795518208	0.10364145658263306	0.3180205415499534	0.09579831932773109	0.12063492063492064	0.12717086834733896	0.13501400560224092
7	7	0.14459325396825384	0.12723214285714277	0.14806547619047605	0.11507936507936502	0.1532738095238094	0.15848214285714274	0.1532738095238094
8	8	0.0992063492063492	0.2026014109347442	0.16556437389770717	0.11309523809523804	0.12698412698412692	0.17328042328042323	0.11926807760141088
9	9	0.1460317460317458	0.1581529581529579	0.15411255411255387	0.13391053391053376	0.12987012987012972	0.1379509379509378	0.13997113997113977
10	10	0.14497354497354478	0.15238095238095217	0.13201058201058186	0.1486772486772485	0.12089947089947078	0.15423280423280403	0.14682539682539664
11	11	0.13227513227513213	0.15902410346854767	0.1754850088183419	0.13227513227513213	0.13227513227513213	0.13639035861258067	0.13227513227513213
12	12	0.12896825396825384	0.1359126984126983	0.20709325396825382	0.11160714285714281	0.12028769841269835	0.1741071428571427	0.12202380952380946
13	13	0.11006683375104429	0.1612364243943191	0.1305346700083542	0.13199665831244775	0.1700083542188805	0.16269841269841268	0.13345864661654133
14	14	0.1480519480519478	0.18441558441558412	0.1298701298701297	0.14199134199134178	0.1298701298701297	0.13593073593073576	0.1298701298701297
15	15	0.12527472527472516	0.12527472527472516	0.173137973137973	0.15946275946275934	0.10989010989010983	0.1492063492063491	0.15775335775335764
16	16	0.13989776701641088	0.12106537530266331	0.1643798762442828	0.12483185364541284	0.15308044121603423	0.15873015873015853	0.13801452784503612
17	17	0.14285714285714263	0.1253132832080199	0.17404622667780534	0.15065441381230832	0.15650236702868256	0.1253132832080199	0.1253132832080199
18	18	0.135487528344671	0.1454081632653059	0.12755102040816313	0.12755102040816313	0.19104308390022648	0.1454081632653059	0.12755102040816313
19	19	0.16931216931216905	0.13227513227513213	0.1343327454438564	0.13227513227513213	0.14873603762492627	0.15079365079365056	0.13227513227513213
20	20	0.1547026770907367	0.2293295427623785	0.16631130063965874	0.10660980810234538	0.10660980810234538	0.10660980810234538	0.12982705520018945
21	21	0.15363881401617227	0.13477088948787044	0.15154237795747205	0.13686732554657066	0.13477088948787044	0.15363881401617227	0.13477088948787044
22	22	0.12106537530266331	0.154963680387409	0.15119720204465947	0.12671509281678758	0.13801452784503612	0.1643798762442828	0.14366424535916042
23	23	0.16564916564916565	0.0986975986975987	0.22690272690272692	0.16707366707366708	0.0915750915750916	0.1172161172161172	0.13288563288563288
24	24	0.1305346700083542	0.12030075187969921	0.12614870509607348	0.09398496240601505	0.1524644945697577	0.18316624895572262	0.1934001670843776
25	25	0.13227513227513213	0.13227513227513213	0.14462081128747775	0.13227513227513213	0.15079365079365056	0.13227513227513213	0.1754850088183419
26	26	0.11786170406860062	0.11913884327677432	0.2136471446816275	0.11658456486042694	0.13063309615033755	0.19321291735084842	0.10892172961138478
27	27	0.12106537530266331	0.154963680387409	0.14178100618778566	0.18321226795803044	0.13424804950228666	0.1267150928167876	0.13801452784503612
28	28	0.15571975916803482	0.12315270935960579	0.17870826491516123	0.14039408866995054	0.14039408866995054	0.1288998357963874	0.13273125342090847
29	29	0.12830687830687817	0.1375661375661374	0.17275132275132252	0.14312169312169293	0.1338624338624337	0.12089947089947078	0.16349206349206327
30	30	0.15845168476747398	0.12726260094681133	0.14480646059593408	0.1253132832080199	0.14285714285714263	0.1604010025062654	0.1409078251183512
31	31	0.13151927437641706	0.1275510204081631	0.15532879818594078	0.14937641723355985	0.16326530612244872	0.1275510204081631	0.14540816326530587
32	32	0.12671509281678758	0.12106537530266331	0.154963680387409	0.1643798762442828	0.13801452784503612	0.13989776701641088	0.154963680387409
33	33	0.17247386759581881	0.08981804103755325	0.17518389469608983	0.1467286101432443	0.13317847464188926	0.13453348819202476	0.1480836236933798
34	34	0.13983371126228256	0.12748803224993693	0.1680524061476441	0.1327790375409422	0.13630637440161236	0.16276140085663882	0.1327790375409422
35	35	0.1275510204081631	0.12953514739229008	0.1275510204081631	0.13151927437641706	0.18112244897959154	0.1751700680272106	0.1275510204081631
36	36	0.2731395588538446	0.1562564419707277	0.10863739435168006	0.1071943929086786	0.1201814058956916	0.09276437847866421	0.14182642754071326
37	37	0.1873496873496872	0.12337662337662327	0.1772486772486771	0.13852813852813842	0.11327561327561322	0.11664261664261656	0.14357864357864347
38	38	0.14005602240896342	0.14005602240896342	0.15094926859632724	0.1487706193588545	0.14005602240896342	0.14005602240896342	0.14005602240896342
39	39	0.15264187866927587	0.10241356816699282	0.2226570993694281	0.14807566862361377	0.15111980865405517	0.10393563818221352	0.11915633833442048
40	40	0.1708994708994707	0.12460317460317448	0.15238095238095217	0.12830687830687817	0.15052910052910032	0.15423280423280403	0.11904761904761893
41	41	0.1170960187353629	0.13348946135831366	0.1517043976060368	0.13348946135831366	0.19177725735102763	0.1170960187353629	0.15534738485558142
42	42	0.13179413179413169	0.13852813852813842	0.12506012506012495	0.1587301587301586	0.12337662337662327	0.16209716209716196	0.1604136604136603
43	43	0.13244047619047608	0.11334325396825391	0.14285714285714274	0.15848214285714274	0.12549603174603163	0.17757936507936495	0.14980158730158719
44	44	0.14309405354181462	0.15138592750533036	0.18952854773750283	0.10826818289504851	0.13646055437100202	0.10660980810234537	0.16465292584695557
45	45	0.13736263736263718	0.13736263736263718	0.15659340659340634	0.15659340659340634	0.13736263736263718	0.13736263736263718	0.13736263736263718
46	46	0.1275510204081631	0.1275510204081631	0.15532879818594078	0.1275510204081631	0.14540816326530587	0.16326530612244872	0.1533446712018138
47	47	0.1486291486291485	0.21428571428571414	0.13852813852813842	0.10822510822510817	0.10822510822510817	0.10822510822510817	0.17388167388167375
48	48	0.15848214285714274	0.14459325396825384	0.18105158730158716	0.14980158730158719	0.11160714285714281	0.1359126984126983	0.11855158730158724
49	49	0.15659340659340634	0.13736263736263718	0.13736263736263718	0.15659340659340634	0.13736263736263718	0.13736263736263718	0.13736263736263718
50	50	0.15702947845805	0.21655328798185955	0.21357709750566908	0.07270408163265309	0.10643424036281184	0.10048185941043089	0.13321995464852615
51	51	0.15363881401617227	0.13477088948787044	0.13477088948787044	0.15363881401617227	0.13477088948787044	0.15363881401617227	0.13477088948787044
52	52	0.13227513227513213	0.13844797178130494	0.15490887713109913	0.1343327454438564	0.13227513227513213	0.15079365079365056	0.1569664902998234
53	53	0.11514235323759126	0.11337868480725616	0.12925170068027197	0.14336104812295272	0.148652053413958	0.23683547493071283	0.11337868480725616
54	54	0.12585034013605434	0.11632653061224482	0.2417233560090702	0.17505668934240354	0.10839002267573693	0.119501133786848	0.11315192743764167
55	55	0.17739403453689173	0.13221698935984652	0.18716204430490152	0.13710099424385142	0.090702947845805	0.1810570381998954	0.09436595150880867
56	56	0.13273125342090847	0.1365626710454295	0.19786535303776656	0.12315270935960579	0.14039408866995054	0.14230979748221106	0.12698412698412687
57	57	0.1170960187353629	0.18995576372625533	0.14988290398126447	0.15899037210512604	0.13348946135831366	0.13348946135831366	0.1170960187353629
58	58	0.1170960187353629	0.13713244860785828	0.1844912828519384	0.12620348685922447	0.1170960187353629	0.19177725735102763	0.12620348685922445
59	59	0.1399711399711398	0.13795093795093774	0.1480519480519478	0.13593073593073576	0.1298701298701297	0.17835497835497807	0.1298701298701297
60	60	0.16459096459096445	0.17826617826617813	0.1492063492063491	0.11672771672771667	0.132112332112332	0.11843711843711838	0.14065934065934055
61	61	0.15848214285714274	0.14980158730158719	0.17931547619047605	0.12723214285714274	0.12723214285714274	0.12723214285714274	0.13070436507936498
62	62	0.12043335852859653	0.11514235323759126	0.148652053413958	0.14336104812295272	0.14512471655328782	0.1574703955656335	0.16981607457797918
63	63	0.13736263736263718	0.15659340659340634	0.13736263736263718	0.13736263736263718	0.15659340659340634	0.13736263736263718	0.13736263736263718
64	64	0.14256319811875348	0.13227513227513213	0.1631393298059962	0.14050558495002918	0.14667842445620202	0.13639035861258067	0.13844797178130494
65	65	0.14648526077097496	0.12585034013605434	0.14807256235827657	0.14489795918367337	0.1099773242630385	0.1560090702947845	0.16870748299319718
66	66	0.13227513227513213	0.15079365079365056	0.15079365079365056	0.1343327454438564	0.15079365079365056	0.1487360376249263	0.13227513227513213
67	67	0.14285714285714268	0.14285714285714268	0.14285714285714268	0.14285714285714268	0.14285714285714268	0.14285714285714268	0.14285714285714268
68	68	0.14005602240896342	0.15966386554621825	0.14005602240896342	0.14005602240896342	0.14005602240896342	0.14005602240896342	0.14005602240896342
69	69	0.12859833198816237	0.15119720204465947	0.14743072370190993	0.14743072370190993	0.154963680387409	0.13801452784503612	0.13236481033091188
70	70	0.16235827664399083	0.14489795918367337	0.17664399092970512	0.12585034013605434	0.11632653061224482	0.14648526077097496	0.12743764172335592
71	71	0.13736263736263718	0.1437728937728936	0.1459096459096457	0.13736263736263718	0.13736263736263718	0.1544566544566542	0.1437728937728936
72	72	0.10553410553410553	0.17910767910767905	0.2121407121407121	0.09802659802659802	0.11003861003860999	0.10703560703560701	0.18811668811668805
73	73	0.11681547619047614	0.17931547619047605	0.1550099206349205	0.13244047619047608	0.12723214285714274	0.11160714285714281	0.17757936507936495
74	74	0.13736263736263718	0.13736263736263718	0.13736263736263718	0.15659340659340634	0.13736263736263718	0.15659340659340634	0.13736263736263718
75	75	0.08899589798466204	0.11521312644908152	0.15266630996968078	0.23631175316568584	0.14892099161762087	0.12270376315320138	0.1351881576600678
76	76	0.15079365079365056	0.15079365079365056	0.13227513227513213	0.16931216931216905	0.13227513227513213	0.13227513227513213	0.13227513227513213
77	77	0.1298701298701297	0.1298701298701297	0.15815295815295788	0.16623376623376596	0.1298701298701297	0.1298701298701297	0.15613275613275587
78	78	0.15763546798029532	0.12315270935960576	0.167214012041598	0.1557197591680348	0.12698412698412684	0.13656267104542946	0.1327312534209084
79	79	0.13227513227513213	0.13227513227513213	0.13227513227513213	0.13227513227513213	0.13227513227513213	0.18783068783068754	0.15079365079365056
80	80	0.12723214285714274	0.11681547619047614	0.1532738095238094	0.19841269841269826	0.12549603174603163	0.16369047619047605	0.11507936507936502
81	81	0.1275510204081631	0.1275510204081631	0.15532879818594078	0.16326530612244872	0.14739229024943287	0.1434240362811789	0.135487528344671
82	82	0.15367965367965356	0.12337662337662327	0.17219817219817207	0.13684463684463674	0.12337662337662327	0.15536315536315523	0.13516113516113504
83	83	0.13445378151260495	0.1148459383753501	0.16876750700280102	0.1507936507936507	0.12464985994397751	0.15569561157796444	0.1507936507936507
84	84	0.12106537530266331	0.12483185364541284	0.23217648641377425	0.12106537530266331	0.13801452784503612	0.12106537530266331	0.1417810061877857
85	85	0.13801452784503612	0.13801452784503612	0.15308044121603423	0.154963680387409	0.13801452784503612	0.13801452784503612	0.1398977670164109
86	86	0.12337662337662327	0.11159211159211153	0.19240019240019227	0.17219817219817207	0.13852813852813842	0.1149591149591149	0.14694564694564682
87	87	0.1936507936507935	0.1252747252747252	0.15946275946275934	0.1355311355311354	0.1218559218559218	0.12356532356532346	0.14065934065934055
88	88	0.13041125541125545	0.12409812409812412	0.14808802308802313	0.17207792207792214	0.10642135642135644	0.16450216450216457	0.15440115440115443
89	89	0.12219702695893161	0.11337868480725616	0.12043335852859653	0.1539430587049633	0.1521793902746282	0.16981607457797918	0.16805240614764408
90	90	0.1298701298701297	0.1480519480519478	0.1399711399711398	0.16623376623376596	0.13795093795093777	0.1480519480519478	0.1298701298701297
91	91	0.13477088948787044	0.14525306978137148	0.17250673854447413	0.13477088948787044	0.13477088948787044	0.1431566337226713	0.13477088948787044
92	92	0.1179582944288827	0.10270774976657332	0.2072829131652662	0.1539060068471834	0.10924369747899162	0.16697790227202	0.14192343604108315
93	93	0.12043335852859656	0.11337868480725617	0.15570672713529843	0.13983371126228256	0.11690602166792637	0.2174351221970268	0.13630637440161236
94	94	0.14937641723355985	0.1454081632653059	0.14342403628117892	0.12755102040816313	0.1454081632653059	0.15731292517006779	0.13151927437641708
95	95	0.13227513227513213	0.13227513227513213	0.14462081128747778	0.16931216931216905	0.13227513227513213	0.15079365079365056	0.13844797178130494
96	96	0.17830687830687808	0.13386243386243368	0.13386243386243368	0.13571428571428554	0.13571428571428554	0.15238095238095217	0.13015873015873003
97	97	0.16546416546416534	0.12337662337662327	0.13347763347763336	0.15031265031265018	0.12000962000961993	0.13684463684463674	0.17051467051467037
98	98	0.1298701298701297	0.18037518037518008	0.1399711399711398	0.14603174603174582	0.1298701298701297	0.13593073593073576	0.13795093795093777
99	99	0.15608465608465588	0.13571428571428554	0.1597883597883596	0.12830687830687817	0.11904761904761893	0.15238095238095217	0.1486772486772485
100	100	0.11904761904761893	0.15238095238095217	0.18571428571428547	0.13571428571428554	0.11904761904761893	0.13941798941798922	0.1486772486772485
101	101	0.13477088948787044	0.15363881401617227	0.15363881401617227	0.1431566337226713	0.13477088948787044	0.14525306978137148	0.13477088948787044
102	102	0.13227513227513213	0.13227513227513213	0.16108171663727194	0.13227513227513213	0.16931216931216905	0.13227513227513213	0.14050558495002918
103	103	0.13736263736263718	0.13736263736263718	0.13736263736263718	0.13736263736263718	0.13736263736263718	0.17582417582417553	0.13736263736263718
104	104	0.11160714285714281	0.12896825396825384	0.18625992063492047	0.12723214285714274	0.13417658730158719	0.1897321428571427	0.12202380952380944
105	105	0.12859833198816237	0.13801452784503612	0.19639494215765377	0.13048157115953712	0.12106537530266331	0.13801452784503612	0.14743072370190993
106	106	0.1950113378684804	0.12953514739229008	0.15731292517006776	0.1275510204081631	0.1275510204081631	0.1275510204081631	0.13548752834467104
107	107	0.12723214285714274	0.16021825396825384	0.1515376984126983	0.12723214285714274	0.15848214285714274	0.12723214285714274	0.14806547619047605
108	108	0.16825396825396835	0.1140317460317461	0.3095873015873018	0.09003174603174606	0.06780952380952383	0.14247619047619056	0.10780952380952386
109	109	0.17487684729064015	0.14039408866995054	0.16721401204159803	0.12315270935960579	0.12315270935960579	0.14039408866995054	0.1308155446086479
110	110	0.1795634920634921	0.17539682539682538	0.1615079365079365	0.12123015873015872	0.0892857142857143	0.1101190476190476	0.1628968253968254
111	111	0.15363881401617227	0.13477088948787044	0.15363881401617227	0.13896376160527088	0.13477088948787044	0.13477088948787044	0.14944594189877186
112	112	0.10364145658263306	0.11409897292250235	0.23828197945845012	0.13239962651727358	0.1219421101774043	0.08403361344537819	0.2056022408963586
113	113	0.13736263736263718	0.13736263736263718	0.15659340659340634	0.13736263736263718	0.13736263736263718	0.15659340659340634	0.13736263736263718
114	114	0.23544973544973546	0.17704517704517705	0.13858363858363856	0.1172161172161172	0.0915750915750916	0.10582010582010583	0.1343101343101343
115	115	0.13974635080162726	0.10122038765254851	0.2620244077530512	0.10122038765254851	0.061019382627422854	0.10122038765254851	0.23354869586025387
116	116	0.1615079365079365	0.11428571428571427	0.1462301587301587	0.11984126984126983	0.13373015873015873	0.18095238095238098	0.14345238095238094
117	117	0.10846560846560852	0.18351434140907835	0.2751322751322753	0.0909217488164857	0.08507379560011143	0.15135059871901987	0.10554163185742138
118	118	0.13477088948787044	0.15363881401617227	0.1599281221922729	0.13477088948787044	0.13477088948787044	0.13477088948787044	0.1473495058400717
119	119	0.1487360376249263	0.13227513227513213	0.15079365079365056	0.13227513227513213	0.15079365079365056	0.15079365079365056	0.1343327454438564
120	120	0.12748803224993693	0.11337868480725617	0.1698160745779792	0.129251700680272	0.129251700680272	0.14688838498362294	0.18392542202065998
121	121	0.11520737327188932	0.12058371735791082	0.16897081413210427	0.13850486431131578	0.11520737327188932	0.17434715821812577	0.16717869943676378
122	122	0.15569561157796444	0.15242763772175527	0.1834733893557422	0.10667600373482723	0.13445378151260495	0.14752567693744156	0.11974789915966379
123	123	0.1567460317460316	0.11160714285714281	0.13070436507936498	0.20014880952380937	0.12723214285714274	0.14980158730158719	0.12375992063492054
124	124	0.12315270935960579	0.12315270935960579	0.19211822660098496	0.14422550629447162	0.1250684181718663	0.13847837985769001	0.1538040503557743
125	125	0.13227513227513213	0.15079365079365056	0.1487360376249263	0.13227513227513213	0.15079365079365056	0.13227513227513213	0.15285126396237483
126	126	0.17487684729064015	0.13847837985769001	0.13656267104542946	0.14039408866995054	0.12315270935960579	0.14039408866995054	0.14614121510673214
127	127	0.2167955501288836	0.10473477140143811	0.22439289105955787	0.13702347035680376	0.07434540767874104	0.09238909238909243	0.15031881698548374
128	128	0.13844797178130494	0.14462081128747772	0.13227513227513213	0.13227513227513213	0.16931216931216905	0.15079365079365056	0.13227513227513213
129	129	0.1275510204081631	0.14540816326530587	0.14342403628117892	0.14540816326530587	0.1275510204081631	0.1751700680272106	0.13548752834467104
130	130	0.13646055437100205	0.12153518123667369	0.1646529258469556	0.1281686804074863	0.12319355602937684	0.18952854773750286	0.13646055437100205
131	131	0.284544695071011	0.11846282372598166	0.12898913951545535	0.08337510442773602	0.09857978279030913	0.11027568922305768	0.17577276524644955
132	132	0.14366424535916042	0.12106537530266331	0.1643798762442828	0.154963680387409	0.12106537530266331	0.12106537530266331	0.1737960721011566
133	133	0.16564916564916563	0.11721611721611719	0.11579161579161576	0.14570614570614568	0.09157509157509158	0.13003663003663	0.234025234025234
134	134	0.13477088948787044	0.13477088948787044	0.16412099430967328	0.13686732554657066	0.15154237795747205	0.13477088948787044	0.1431566337226713
135	135	0.13736263736263718	0.13736263736263718	0.13736263736263718	0.13736263736263718	0.1544566544566542	0.15873015873015847	0.13736263736263718
136	136	0.14005602240896342	0.14005602240896342	0.15966386554621825	0.14005602240896342	0.14005602240896342	0.14005602240896342	0.14005602240896342
137	137	0.11995177817962627	0.10307414104882458	0.27747639140044206	0.13261000602772754	0.09463532248342377	0.10870002009242515	0.16355234076753064
138	138	0.1298701298701297	0.13391053391053373	0.19653679653679623	0.13189033189033172	0.1480519480519478	0.1298701298701297	0.1298701298701297
139	139	0.12106537530266331	0.12106537530266331	0.16626311541565758	0.15684691955878374	0.15684691955878377	0.14366424535916042	0.13424804950228664
140	140	0.1639455782312924	0.1321995464852607	0.17664399092970512	0.12585034013605434	0.16235827664399083	0.10204081632653059	0.13696145124716544
141	141	0.15079365079365056	0.13227513227513213	0.13227513227513213	0.13227513227513213	0.13227513227513213	0.16931216931216905	0.15079365079365056
142	142	0.1601190476190476	0.12678571428571428	0.19484126984126987	0.11984126984126983	0.11428571428571427	0.12678571428571428	0.15734126984126984
143	143	0.13736263736263718	0.15659340659340634	0.13736263736263718	0.13736263736263718	0.15659340659340634	0.13736263736263718	0.13736263736263718
144	144	0.13227513227513213	0.13227513227513213	0.15079365079365056	0.13227513227513213	0.15079365079365056	0.13227513227513213	0.16931216931216905
145	145	0.17051467051467037	0.1402116402116401	0.1570466570466569	0.13684463684463674	0.10822510822510817	0.1688311688311687	0.11832611832611825
146	146	0.1604010025062654	0.14285714285714263	0.15845168476747398	0.14285714285714263	0.1253132832080199	0.14480646059593405	0.1253132832080199
147	147	0.10317460317460315	0.1392857142857143	0.24345238095238098	0.1503968253968254	0.11984126984126983	0.1240079365079365	0.11984126984126983
148	148	0.13894993894993884	0.1697191697191696	0.18168498168498154	0.12698412698412687	0.14236874236874225	0.11159951159951155	0.1286935286935286
149	149	0.1487050960735169	0.15260373155109971	0.15065441381230832	0.1370091896407684	0.1253132832080199	0.1253132832080199	0.1604010025062654
150	150	0.15367965367965356	0.1284271284271283	0.16378066378066364	0.1216931216931216	0.10822510822510817	0.10822510822510817	0.21596921596921584
151	151	0.15821812596006127	0.1815156169994878	0.18330773169482828	0.13133640552995376	0.11520737327188932	0.11520737327188932	0.11520737327188932
152	152	0.13801452784503612	0.154963680387409	0.16814635458703234	0.13801452784503612	0.12106537530266331	0.12106537530266331	0.15873015873015853
153	153	0.12698412698412687	0.10989010989010983	0.1697191697191696	0.10989010989010983	0.1372405372405371	0.13894993894993882	0.20732600732600717
154	154	0.13736263736263718	0.13736263736263718	0.13736263736263718	0.13736263736263718	0.15659340659340634	0.14163614163614147	0.1523199023199021
155	155	0.1275510204081631	0.16326530612244872	0.16128117913832174	0.1275510204081631	0.1275510204081631	0.14739229024943287	0.14540816326530587
156	156	0.1343327454438564	0.13227513227513213	0.15902410346854767	0.14873603762492627	0.15285126396237483	0.13227513227513213	0.14050558495002918
157	157	0.12743764172335592	0.10204081632653059	0.2306122448979591	0.10204081632653059	0.1179138321995464	0.18775510204081622	0.1321995464852607
158	158	0.14540816326530587	0.1275510204081631	0.17913832199546456	0.12953514739229008	0.16128117913832174	0.1275510204081631	0.12953514739229008
159	159	0.1253132832080199	0.1253132832080199	0.19159008632692814	0.13311055416318557	0.1253132832080199	0.17209690893901394	0.12726260094681133
160	160	0.12319355602937684	0.18289504856669025	0.1613361762615493	0.15304430229803354	0.10660980810234538	0.13977730395640833	0.13314380478559573
161	161	0.15154237795747208	0.13686732554657066	0.13896376160527088	0.13477088948787044	0.15363881401617227	0.13477088948787044	0.14944594189877186
162	162	0.11866969009826146	0.13983371126228256	0.15217939027462823	0.11337868480725617	0.14688838498362294	0.129251700680272	0.19979843789367582
163	163	0.1298701298701297	0.15007215007214983	0.17431457431457403	0.1298701298701297	0.1298701298701297	0.1298701298701297	0.15613275613275587
164	164	0.26896912611198337	0.13710099424385142	0.14564800279085996	0.13343799058084777	0.08093493807779527	0.09924995639281355	0.13465899180184898
165	165	0.08956916099773246	0.14909297052154205	0.2086167800453516	0.13619614512471664	0.09056122448979596	0.13619614512471664	0.18976757369614525
166	166	0.12275132275132264	0.1338624338624337	0.2005291005291003	0.12830687830687817	0.13571428571428557	0.13941798941798925	0.13941798941798925
167	167	0.15650236702868256	0.1253132832080199	0.18379281537176245	0.15455304928989114	0.1253132832080199	0.12921191868560272	0.1253132832080199
168	168	0.1170960187353629	0.21545667447306768	0.1170960187353629	0.16081186572989833	0.11891751236013523	0.12256049960967985	0.14806141035649217
169	169	0.15363881401617227	0.13477088948787044	0.13477088948787044	0.13896376160527088	0.13477088948787044	0.14944594189877186	0.15363881401617227
170	170	0.13895850737955978	0.1253132832080199	0.13700918964076841	0.12921191868560272	0.1253132832080199	0.21108326371484235	0.13311055416318554
171	171	0.14512471655328785	0.11337868480725617	0.1715797430083143	0.15923406399596862	0.11514235323759127	0.14512471655328785	0.15041572184429314
172	172	0.13345864661654133	0.12030075187969921	0.18170426065162903	0.11591478696741851	0.10275689223057645	0.13784461152882202	0.20802005012531327
173	173	0.13477088948787044	0.13477088948787044	0.14525306978137145	0.13477088948787044	0.14944594189877186	0.15363881401617227	0.14734950584007167
174	174	0.17913832199546456	0.14739229024943287	0.1533446712018138	0.1275510204081631	0.1275510204081631	0.1275510204081631	0.13747165532879801
175	175	0.1298701298701297	0.13593073593073576	0.17633477633477604	0.13189033189033172	0.1298701298701297	0.16623376623376596	0.1298701298701297
176	176	0.13477088948787044	0.13477088948787044	0.13477088948787044	0.15363881401617227	0.15363881401617227	0.15363881401617227	0.13477088948787044
177	177	0.15154237795747205	0.13477088948787044	0.14734950584007167	0.13686732554657066	0.15363881401617227	0.13477088948787044	0.14106019766397107
178	178	0.1604010025062654	0.1253132832080199	0.14285714285714263	0.17599554441659676	0.1253132832080199	0.1253132832080199	0.14480646059593405
179	179	0.1298701298701297	0.1480519480519478	0.16623376623376596	0.13189033189033172	0.1298701298701297	0.1480519480519478	0.14603174603174582
180	180	0.1144094001236858	0.09565038136466708	0.20531849103277675	0.16202844774273342	0.1447124304267161	0.13605442176870744	0.14182642754071323
181	181	0.26340221623240506	0.1554357592093442	0.18583408206049726	0.08730158730158732	0.07996406109613659	0.08625336927223723	0.14180892482779284
182	182	0.11520737327188932	0.12596006144393232	0.17255504352278528	0.1653865847414233	0.19047619047619027	0.11520737327188932	0.11520737327188932
183	183	0.13227513227513213	0.13227513227513213	0.15285126396237483	0.13844797178130494	0.13227513227513213	0.14462081128747778	0.16725455614344478
184	184	0.19408369408369394	0.13011063011063	0.13011063011063	0.10822510822510817	0.12506012506012495	0.1570466570466569	0.15536315536315523
185	185	0.14480646059593405	0.14675577833472547	0.1604010025062654	0.14285714285714263	0.14090782511835123	0.1253132832080199	0.1389585073795598
186	186	0.12775217613927278	0.13312852022529428	0.12237583205325132	0.1707629288274448	0.13133640552995376	0.1922683051715308	0.1223758320532513
187	187	0.1480519480519478	0.1298701298701297	0.17835497835497807	0.1298701298701297	0.1298701298701297	0.1480519480519478	0.13593073593073576
188	188	0.1449735449735448	0.11904761904761896	0.18201058201058182	0.12645502645502632	0.13201058201058186	0.1523809523809522	0.14312169312169296
189	189	0.1275510204081631	0.12953514739229008	0.1533446712018138	0.16921768707482965	0.14342403628117892	0.14143990929705194	0.13548752834467104
190	190	0.12748803224993693	0.129251700680272	0.1680524061476441	0.1698160745779792	0.14512471655328785	0.129251700680272	0.1310153691106071
191	191	0.14805194805194782	0.14805194805194782	0.1561327561327559	0.13189033189033172	0.14401154401154379	0.12987012987012972	0.14199134199134184
192	192	0.14667842445620202	0.146678424456202	0.13227513227513213	0.15079365079365056	0.1549088771310991	0.13227513227513213	0.13639035861258067
193	193	0.12315270935960579	0.12315270935960579	0.16912972085385855	0.12315270935960579	0.14039408866995054	0.19211822660098496	0.12889983579638736
194	194	0.13477088948787044	0.13477088948787044	0.1704103024857739	0.13477088948787044	0.1473495058400717	0.13477088948787044	0.14315663372267126
195	195	0.1473495058400717	0.15363881401617227	0.14106019766397107	0.14106019766397104	0.13477088948787044	0.13477088948787044	0.14734950584007167
196	196	0.16627634660421528	0.1170960187353629	0.13348946135831366	0.16081186572989833	0.13348946135831366	0.1389539422326306	0.14988290398126447
197	197	0.11855158730158721	0.11855158730158724	0.24181547619047603	0.1376488095238094	0.11681547619047614	0.1376488095238094	0.12896825396825384
198	198	0.12315270935960576	0.1614668856048164	0.15380405035577424	0.12315270935960576	0.13273125342090844	0.1403940886699505	0.16529830322933745
199	199	0.12153518123667369	0.11158493248045484	0.2691305377872541	0.12153518123667371	0.12651030561478313	0.12153518123667369	0.1281686804074863
200	200	0.1273964131106988	0.09565038136466708	0.23850752422180993	0.13749742321170888	0.1273964131106988	0.12883941455370024	0.1447124304267161
201	201	0.12315270935960579	0.12315270935960579	0.18062397372742175	0.1652983032293375	0.12315270935960579	0.14614121510673214	0.13847837985769001
202	202	0.13630637440161236	0.15394305870496333	0.13983371126228256	0.15217939027462823	0.11337868480725617	0.12396069538926675	0.18039808515998978
203	203	0.13227513227513213	0.13227513227513213	0.13639035861258067	0.1549088771310991	0.15079365079365056	0.13227513227513213	0.16108171663727194
204	204	0.16235827664399086	0.17664399092970515	0.16712018140589563	0.1575963718820861	0.11632653061224484	0.1020408163265306	0.11791383219954643
205	205	0.12830687830687817	0.14126984126984107	0.15423280423280403	0.16534391534391513	0.13571428571428554	0.13201058201058188	0.14312169312169293
206	206	0.14285714285714263	0.1253132832080199	0.16235032024505686	0.16624895572263967	0.14285714285714263	0.1253132832080199	0.135059871901977
207	207	0.15425315425315425	0.12433862433862433	0.24684574684574687	0.10439560439560439	0.1286121286121286	0.10439560439560439	0.13715913715913716
208	208	0.14540816326530587	0.15532879818594078	0.14342403628117892	0.16326530612244872	0.13747165532879801	0.1275510204081631	0.1275510204081631
209	209	0.10918710918710922	0.11479878146544817	0.33140933140933165	0.1114317780984448	0.11255411255411259	0.1002084335417669	0.12041045374378712
210	210	0.16831386642707372	0.13477088948787044	0.15573525007487246	0.13686732554657066	0.13477088948787044	0.13477088948787044	0.13477088948787044
211	211	0.11854103343465047	0.07716987504221551	0.17291455589327936	0.15873015873015878	0.1279972982100642	0.11144883485309019	0.23319824383654178
212	212	0.10204081632653059	0.10204081632653059	0.16077097505668925	0.13854875283446705	0.2163265306122448	0.1306122448979591	0.14965986394557815
213	213	0.1253132832080199	0.1253132832080199	0.18574213311055388	0.1253132832080199	0.1253132832080199	0.1876914508493453	0.1253132832080199
214	214	0.14988290398126447	0.13713244860785828	0.1826697892271661	0.13348946135831366	0.1170960187353629	0.14988290398126447	0.12984647410876907
215	215	0.1275510204081631	0.1275510204081631	0.13151927437641706	0.18112244897959154	0.16326530612244872	0.1275510204081631	0.1414399092970519
216	216	0.1697638404955478	0.08710801393728225	0.16840882694541232	0.1467286101432443	0.08710801393728225	0.17924893534649633	0.1616337591947348
217	217	0.15079365079365056	0.13227513227513213	0.183715461493239	0.13227513227513213	0.13227513227513213	0.13227513227513213	0.13639035861258067
218	218	0.132112332112332	0.1355311355311354	0.1560439560439559	0.14407814407814395	0.10989010989010983	0.17826617826617813	0.14407814407814395
219	219	0.14005602240896342	0.14005602240896342	0.14005602240896342	0.15966386554621825	0.14005602240896342	0.14005602240896342	0.14005602240896342
220	220	0.15659340659340634	0.13736263736263718	0.13736263736263718	0.15018315018314995	0.13736263736263718	0.1437728937728936	0.13736263736263718
221	221	0.14050558495002924	0.13227513227513213	0.1487360376249263	0.13227513227513213	0.1631393298059962	0.13227513227513213	0.15079365079365056
222	222	0.15104966717869928	0.11699948796722982	0.1707629288274448	0.1313364055299538	0.13133640552995376	0.1653865847414233	0.13312852022529428
223	223	0.1631393298059962	0.13227513227513213	0.15079365079365056	0.13844797178130494	0.13227513227513213	0.15079365079365056	0.13227513227513213
224	224	0.18509984639016877	0.13133640552995376	0.14208909370199677	0.13671274961597527	0.15821812596006127	0.11520737327188932	0.13133640552995376
225	225	0.13314380478559573	0.18952854773750286	0.13314380478559573	0.1314854299928926	0.10660980810234538	0.12153518123667371	0.1845534233593934
226	226	0.1826697892271661	0.1170960187353629	0.12802498048399677	0.12438199323445213	0.1170960187353629	0.14806141035649217	0.1826697892271661
227	227	0.12723214285714274	0.11160714285714281	0.1532738095238094	0.14112103174603163	0.14285714285714274	0.19146825396825382	0.13244047619047608
228	228	0.12596006144393226	0.14746543778801827	0.2334869431643623	0.12058371735791082	0.11520737327188932	0.13133640552995376	0.1259600614439323
229	229	0.11716576665030277	0.13549337260677471	0.2179675994108985	0.08509245622647686	0.16642120765832114	0.14809360170184918	0.12976599574537723
230	230	0.29787973583594046	0.11215386397868157	0.22732012513034427	0.09593326381647554	0.07890163364615924	0.06754721353261503	0.12026416405978459
231	231	0.1547619047619047	0.14395943562610222	0.1563051146384479	0.1532186948853615	0.0992063492063492	0.11463844797178126	0.17791005291005285
232	232	0.15260373155109971	0.1253132832080199	0.17599554441659676	0.1253132832080199	0.1253132832080199	0.1253132832080199	0.17014759120022252
233	233	0.15079365079365056	0.1343327454438564	0.16519694297472048	0.13227513227513213	0.13227513227513213	0.1343327454438564	0.15079365079365056
234	234	0.15079365079365056	0.15079365079365056	0.14873603762492627	0.1343327454438564	0.13227513227513213	0.15079365079365056	0.13227513227513213
235	235	0.1253132832080199	0.1253132832080199	0.14090782511835123	0.17794486215538818	0.13311055416318557	0.14285714285714263	0.15455304928989114
236	236	0.13477088948787044	0.13686732554657066	0.13477088948787044	0.1431566337226713	0.16412099430967328	0.15154237795747208	0.13477088948787044
237	237	0.13736263736263718	0.15659340659340634	0.15659340659340634	0.13736263736263718	0.13736263736263718	0.13736263736263718	0.13736263736263718
238	238	0.14285714285714263	0.1253132832080199	0.17794486215538818	0.13116123642439415	0.12726260094681133	0.1370091896407684	0.15845168476747398
239	239	0.15363881401617227	0.13477088948787044	0.1431566337226713	0.15363881401617227	0.13477088948787044	0.13477088948787044	0.14525306978137148
240	240	0.14112103174603163	0.11334325396825391	0.21230158730158713	0.13417658730158719	0.12723214285714274	0.12375992063492053	0.14806547619047605
241	241	0.17422969187675075	0.08664799253034551	0.2252100840336135	0.17030812324929975	0.10756302521008404	0.09710550887021477	0.13893557422969188
242	242	0.1253132832080199	0.1604010025062654	0.17404622667780534	0.14285714285714263	0.1253132832080199	0.14285714285714263	0.12921191868560272
243	243	0.13733609385783294	0.11962272831838043	0.175983436853002	0.1131815044858523	0.14216701173222906	0.1904761904761904	0.12123303427651248
244	244	0.13391053391053373	0.1298701298701297	0.20057720057720024	0.1298701298701297	0.14603174603174582	0.1298701298701297	0.1298701298701297
245	245	0.15929705215419476	0.1454081632653059	0.12755102040816313	0.12755102040816313	0.1454081632653059	0.14937641723355985	0.1454081632653059
246	246	0.1275510204081631	0.1275510204081631	0.13548752834467104	0.1275510204081631	0.17318594104308363	0.16326530612244872	0.14540816326530587
247	247	0.13477088948787044	0.14106019766397104	0.16831386642707372	0.14734950584007167	0.13477088948787044	0.13477088948787044	0.13896376160527088
248	248	0.15696649029982337	0.16931216931216905	0.13227513227513213	0.14462081128747775	0.13227513227513213	0.13227513227513213	0.13227513227513213
249	249	0.11855158730158724	0.1532738095238094	0.1706349206349205	0.13417658730158719	0.14806547619047605	0.16021825396825384	0.11507936507936502
250	250	0.16623376623376598	0.12987012987012972	0.14805194805194782	0.12987012987012972	0.14805194805194782	0.14805194805194782	0.12987012987012972
251	251	0.12549603174603166	0.11160714285714281	0.1706349206349205	0.15848214285714274	0.11160714285714281	0.18105158730158716	0.14112103174603163
252	252	0.154963680387409	0.12106537530266331	0.13801452784503612	0.14178100618778566	0.13801452784503612	0.13801452784503612	0.16814635458703234
253	253	0.12955182072829124	0.11974789915966379	0.1507936507936507	0.157329598506069	0.13608776844070952	0.15569561157796444	0.1507936507936507
254	254	0.12202380952380946	0.14285714285714274	0.14459325396825384	0.14112103174603163	0.15848214285714274	0.12375992063492054	0.16716269841269826
255	255	0.13477088948787044	0.13477088948787044	0.1662174303683735	0.13477088948787044	0.15363881401617227	0.13477088948787044	0.14106019766397107
256	256	0.10325814536340855	0.10676691729323311	0.2985797827903093	0.14068504594820389	0.08805346700083544	0.1617376775271513	0.10091896407685884
257	257	0.1283068783068782	0.11904761904761896	0.18756613756613735	0.1412698412698411	0.13201058201058188	0.13941798941798925	0.1523809523809522
258	258	0.15310846560846567	0.12417328042328046	0.1264880952380953	0.10565476190476193	0.13690476190476195	0.18898809523809532	0.16468253968253976
259	259	0.14512471655328785	0.129251700680272	0.1733434114386494	0.129251700680272	0.129251700680272	0.1768707482993196	0.11690602166792637
260	260	0.12106537530266331	0.14554748453053518	0.1794457896152809	0.12106537530266331	0.14743072370190993	0.13801452784503612	0.14743072370190993
261	261	0.10393563818221352	0.09784735812133072	0.19069362904979337	0.15873015873015867	0.12828875842574466	0.18156120895846917	0.13894324853228956
262	262	0.1253132832080199	0.13311055416318557	0.13505987190197696	0.21303258145363377	0.1253132832080199	0.1253132832080199	0.14285714285714265
263	263	0.13477088948787044	0.14734950584007164	0.14106019766397107	0.13477088948787044	0.13477088948787044	0.17250673854447413	0.13477088948787044
264	264	0.1082251082251082	0.14694564694564685	0.23785473785473776	0.1418951418951418	0.14021164021164012	0.1082251082251082	0.1166426166426166
265	265	0.1295351473922901	0.1454081632653059	0.12755102040816313	0.13151927437641708	0.15136054421768685	0.17318594104308363	0.14143990929705197
266	266	0.16519694297472048	0.14050558495002924	0.13844797178130494	0.13639035861258067	0.13227513227513213	0.13227513227513213	0.1549088771310991
267	267	0.18392542202065998	0.1768707482993196	0.14512471655328785	0.11866969009826146	0.11866969009826146	0.11337868480725617	0.14336104812295275
268	268	0.14285714285714263	0.14480646059593405	0.16429963798384825	0.1409078251183512	0.14285714285714263	0.13311055416318557	0.13116123642439415
269	269	0.14614121510673214	0.12315270935960579	0.19978106185002711	0.15188834154351374	0.12315270935960579	0.12315270935960579	0.13273125342090844
270	270	0.14005602240896342	0.14005602240896342	0.15312791783379998	0.14005602240896342	0.14005602240896342	0.14005602240896342	0.14659197012138173
271	271	0.14944594189877192	0.13477088948787044	0.15363881401617227	0.13896376160527088	0.15363881401617227	0.13477088948787044	0.13477088948787044
272	272	0.14366424535916042	0.12106537530266331	0.21334409470002663	0.12106537530266331	0.13801452784503612	0.12106537530266331	0.1417810061877857
