#doc name topic proportion ...
0	0	0.15723270440251585	0.17610062893081777	0.19496855345911965	0.15723270440251585	0.15723270440251585	0.15723270440251585
1	1	0.17489711934156393	0.17283950617283964	0.15432098765432112	0.15432098765432112	0.15432098765432112	0.1893004115226339
2	2	0.14619883040935683	0.18128654970760247	0.17348927875243678	0.14619883040935683	0.14619883040935683	0.20662768031189094
3	3	0.14619883040935683	0.14619883040935683	0.2514619883040937	0.16374269005847963	0.14619883040935683	0.14619883040935683
4	4	0.17325800376647846	0.14500941619585697	0.18455743879472702	0.14124293785310743	0.2071563088512242	0.1487758945386065
5	5	0.10852713178294568	0.1434108527131782	0.33850129198966394	0.1330749354005167	0.17958656330749342	0.09689922480620149
6	6	0.09803921568627445	0.1568627450980391	0.368627450980392	0.12418300653594762	0.1307189542483659	0.12156862745098032
7	7	0.15798611111111116	0.1597222222222223	0.2083333333333334	0.1805555555555556	0.1302083333333334	0.1631944444444445
8	8	0.13271604938271603	0.2530864197530865	0.1311728395061728	0.12037037037037035	0.22376543209876543	0.13888888888888887
9	9	0.183838383838384	0.15151515151515163	0.19191919191919207	0.15151515151515163	0.16969696969696985	0.15151515151515163
10	10	0.17222222222222233	0.17222222222222233	0.15555555555555564	0.15555555555555564	0.17222222222222233	0.17222222222222233
11	11	0.17283950617283964	0.17078189300411536	0.15432098765432112	0.15432098765432112	0.19341563786008245	0.15432098765432112
12	12	0.1649305555555556	0.14062500000000006	0.22048611111111116	0.15451388888888895	0.16840277777777782	0.1510416666666667
13	13	0.16374269005847947	0.20175438596491221	0.15058479532163735	0.1578947368421052	0.18567251461988296	0.14035087719298242
14	14	0.16565656565656578	0.17373737373737386	0.15151515151515163	0.15151515151515163	0.20606060606060617	0.15151515151515163
15	15	0.13675213675213677	0.1794871794871795	0.22051282051282056	0.16068376068376072	0.1435897435897436	0.158974358974359
16	16	0.1412429378531074	0.17137476459510365	0.22975517890772135	0.1581920903954803	0.1412429378531074	0.1581920903954803
17	17	0.18713450292397674	0.16374269005847963	0.16374269005847963	0.1754385964912282	0.16374269005847963	0.14619883040935683
18	18	0.17658730158730174	0.1666666666666668	0.14880952380952392	0.1924603174603176	0.1666666666666668	0.14880952380952392
19	19	0.1687242798353911	0.19135802469135818	0.1584362139917697	0.17283950617283964	0.15432098765432112	0.15432098765432112
20	20	0.12437810945273634	0.12437810945273634	0.2072968490878939	0.12437810945273634	0.27363184079602004	0.1459369817578773
21	21	0.15723270440251585	0.17610062893081777	0.19496855345911965	0.15723270440251585	0.15723270440251585	0.15723270440251585
22	22	0.16760828625235416	0.15819209039548032	0.18267419962335227	0.15630885122410557	0.17514124293785321	0.1600753295668551
23	23	0.1800281293952179	0.11814345991561176	0.2728551336146272	0.10689170182841064	0.18424753867791835	0.1378340365682137
24	24	0.1359649122807017	0.15643274853801162	0.2719298245614035	0.1359649122807017	0.14181286549707595	0.1578947368421052
25	25	0.15432098765432112	0.15432098765432112	0.19135802469135818	0.15432098765432112	0.15432098765432112	0.19135802469135818
26	26	0.1805555555555554	0.20454545454545447	0.16287878787878776	0.16414141414141403	0.16540404040404028	0.12247474747474738
27	27	0.15819209039548032	0.19020715630885132	0.18455743879472702	0.16384180790960462	0.15819209039548032	0.14500941619585697
28	28	0.17816091954023	0.14367816091954033	0.21647509578544072	0.17432950191570892	0.14367816091954033	0.14367816091954033
29	29	0.14444444444444454	0.13888888888888898	0.21851851851851864	0.15555555555555564	0.1740740740740742	0.16851851851851862
30	30	0.16374269005847963	0.16374269005847963	0.19883040935672525	0.16374269005847963	0.16374269005847963	0.14619883040935683
31	31	0.18452380952380967	0.1666666666666668	0.1666666666666668	0.1666666666666668	0.14880952380952392	0.1666666666666668
32	32	0.1751412429378532	0.1412429378531074	0.19209039548022605	0.1751412429378532	0.1412429378531074	0.1751412429378532
33	33	0.12195121951219506	0.2100271002710027	0.2303523035230352	0.14227642276422756	0.13008130081300806	0.16531165311653107
34	34	0.15873015873015875	0.22045855379188714	0.20105820105820107	0.14814814814814817	0.1322751322751323	0.13932980599647268
35	35	0.14880952380952392	0.20039682539682552	0.14880952380952392	0.20039682539682552	0.1527777777777779	0.14880952380952392
36	36	0.21933621933621936	0.1082251082251082	0.15440115440115432	0.1428571428571428	0.19913419913419908	0.17604617604617598
37	37	0.12962962962962962	0.1414141414141414	0.2575757575757577	0.13131313131313133	0.16835016835016833	0.17171717171717168
38	38	0.178649237472767	0.1655773420479304	0.16339869281045763	0.16339869281045763	0.1655773420479304	0.16339869281045763
39	39	0.13242009132420088	0.14459665144596648	0.33028919330289197	0.14155251141552508	0.12937595129375948	0.12176560121765599
40	40	0.1944444444444445	0.1722222222222223	0.175925925925926	0.1555555555555556	0.1555555555555556	0.14629629629629637
41	41	0.15300546448087438	0.13661202185792357	0.17668488160291443	0.24408014571949008	0.15300546448087438	0.13661202185792357
42	42	0.18686868686868688	0.1565656565656566	0.1632996632996633	0.18686868686868688	0.12962962962962965	0.17676767676767677
43	43	0.15625000000000006	0.1493055555555556	0.2135416666666667	0.18923611111111116	0.14236111111111116	0.1493055555555556
44	44	0.15422885572139303	0.1558872305140962	0.19402985074626863	0.15422885572139303	0.17081260364842452	0.17081260364842452
45	45	0.16025641025641038	0.17948717948717963	0.16025641025641038	0.16025641025641038	0.16025641025641038	0.17948717948717963
46	46	0.1666666666666668	0.14880952380952392	0.2301587301587303	0.15079365079365092	0.14880952380952392	0.15476190476190488
47	47	0.12626262626262627	0.12626262626262627	0.18686868686868685	0.12626262626262627	0.23737373737373738	0.19696969696969693
48	48	0.14409722222222227	0.1614583333333334	0.20659722222222227	0.1302083333333334	0.1927083333333334	0.1649305555555556
49	49	0.17948717948717963	0.16025641025641038	0.17948717948717963	0.16025641025641038	0.16025641025641038	0.16025641025641038
50	50	0.1369047619047618	0.12996031746031736	0.2797619047619046	0.14980158730158724	0.2222222222222221	0.08134920634920628
51	51	0.15723270440251583	0.17610062893081774	0.17610062893081774	0.15723270440251583	0.15723270440251583	0.17610062893081774
52	52	0.15432098765432112	0.19135802469135818	0.19135802469135818	0.15432098765432112	0.15432098765432112	0.15432098765432112
53	53	0.15520282186948856	0.1834215167548501	0.16402116402116407	0.21516754850088185	0.14991181657848326	0.1322751322751323
54	54	0.21904761904761902	0.1333333333333333	0.21904761904761902	0.11904761904761903	0.16190476190476186	0.1476190476190476
55	55	0.1465201465201464	0.21489621489621483	0.23443223443223435	0.1147741147741147	0.16727716727716715	0.122100122100122
56	56	0.153256704980843	0.16091954022988517	0.22413793103448287	0.15517241379310354	0.1628352490421457	0.14367816091954033
57	57	0.13661202185792357	0.1402550091074682	0.14754098360655743	0.16393442622950827	0.2349726775956285	0.17668488160291443
58	58	0.13843351548269586	0.22768670309653924	0.20400728597449916	0.13661202185792357	0.156648451730419	0.13661202185792357
59	59	0.17171717171717185	0.21414141414141427	0.15151515151515163	0.15151515151515163	0.15959595959595974	0.15151515151515163
60	60	0.12991452991452995	0.1418803418803419	0.16068376068376072	0.14529914529914534	0.25470085470085485	0.16752136752136754
61	61	0.17708333333333337	0.1302083333333334	0.17708333333333337	0.14409722222222227	0.23263888888888898	0.13888888888888895
62	62	0.16402116402116407	0.1887125220458554	0.21516754850088185	0.14814814814814817	0.1322751322751323	0.15167548500881836
63	63	0.16025641025641038	0.16025641025641038	0.16025641025641038	0.17948717948717963	0.17948717948717963	0.16025641025641038
64	64	0.19135802469135818	0.17283950617283964	0.17283950617283964	0.15432098765432112	0.15432098765432112	0.15432098765432112
65	65	0.17619047619047615	0.1793650793650793	0.19682539682539676	0.12857142857142856	0.1555555555555555	0.16349206349206344
66	66	0.19135802469135818	0.17283950617283964	0.15432098765432112	0.17283950617283964	0.15432098765432112	0.15432098765432112
67	67	0.1666666666666668	0.1666666666666668	0.1666666666666668	0.1666666666666668	0.1666666666666668	0.1666666666666668
68	68	0.18300653594771255	0.16339869281045763	0.16339869281045763	0.16339869281045763	0.16339869281045763	0.16339869281045763
69	69	0.19209039548022608	0.14689265536723173	0.23728813559322046	0.14124293785310743	0.14124293785310743	0.14124293785310743
70	70	0.13968253968253966	0.19206349206349202	0.24126984126984133	0.1333333333333333	0.16031746031746028	0.1333333333333333
71	71	0.16025641025641038	0.17948717948717963	0.17948717948717963	0.16025641025641038	0.16025641025641038	0.16025641025641038
72	72	0.13963963963963963	0.17867867867867862	0.19669669669669668	0.11261261261261259	0.19369369369369366	0.17867867867867862
73	73	0.14409722222222227	0.1302083333333334	0.1822916666666667	0.1475694444444445	0.20138888888888895	0.1944444444444445
74	74	0.16025641025641038	0.17948717948717963	0.17521367521367534	0.16025641025641038	0.16025641025641038	0.16452991452991464
75	75	0.20099875156054928	0.1523096129837702	0.20349563046192254	0.16604244694132325	0.11860174781523089	0.15855181023720338
76	76	0.19135802469135818	0.15432098765432112	0.15432098765432112	0.17283950617283964	0.17283950617283964	0.15432098765432112
77	77	0.16161616161616174	0.15151515151515163	0.21414141414141427	0.15353535353535366	0.15151515151515163	0.1676767676767678
78	78	0.16091954022988517	0.14367816091954033	0.2298850574712645	0.17816091954023	0.14367816091954033	0.14367816091954033
79	79	0.15432098765432112	0.21193415637860097	0.15432098765432112	0.17078189300411536	0.15432098765432112	0.15432098765432112
80	80	0.1458333333333334	0.18576388888888895	0.17187500000000006	0.1458333333333334	0.1510416666666667	0.19965277777777785
81	81	0.17857142857142871	0.1666666666666668	0.18452380952380967	0.17261904761904776	0.14880952380952392	0.14880952380952392
82	82	0.18686868686868688	0.20202020202020204	0.18181818181818182	0.13131313131313133	0.1262626262626263	0.1717171717171717
83	83	0.1764705882352941	0.16666666666666663	0.2745098039215687	0.13725490196078433	0.12254901960784313	0.12254901960784313
84	84	0.1581920903954803	0.16007532956685505	0.22598870056497183	0.1412429378531074	0.15630885122410554	0.1581920903954803
85	85	0.1581920903954803	0.1751412429378532	0.20903954802259894	0.1581920903954803	0.1581920903954803	0.1412429378531074
86	86	0.1464646464646465	0.14478114478114482	0.25420875420875433	0.15151515151515155	0.1430976430976431	0.15993265993265995
87	87	0.17606837606837608	0.158974358974359	0.16923076923076924	0.14529914529914534	0.14529914529914534	0.20512820512820515
88	88	0.25378787878787873	0.12626262626262616	0.19191919191919185	0.13131313131313122	0.13131313131313122	0.1654040404040403
89	89	0.1798941798941799	0.15696649029982365	0.23104056437389775	0.1340388007054674	0.1340388007054674	0.16402116402116407
90	90	0.15151515151515163	0.19595959595959608	0.16161616161616174	0.16969696969696985	0.15151515151515163	0.16969696969696985
91	91	0.19496855345911965	0.15723270440251585	0.17610062893081777	0.15723270440251585	0.15723270440251585	0.15723270440251585
92	92	0.14379084967320252	0.2244008714596949	0.24074074074074062	0.12309368191721122	0.11002178649237462	0.1579520697167755
93	93	0.19753086419753088	0.20458553791887127	0.1798941798941799	0.15343915343915346	0.1322751322751323	0.1322751322751323
94	94	0.16865079365079377	0.17658730158730174	0.17460317460317473	0.14880952380952392	0.1825396825396827	0.14880952380952392
95	95	0.19135802469135818	0.17283950617283964	0.17283950617283964	0.15432098765432112	0.15432098765432112	0.15432098765432112
96	96	0.188888888888889	0.15555555555555564	0.188888888888889	0.15555555555555564	0.1574074074074075	0.15370370370370381
97	97	0.18686868686868688	0.16498316498316498	0.18013468013468015	0.1346801346801347	0.1262626262626263	0.2070707070707071
98	98	0.16969696969696985	0.15151515151515163	0.16969696969696985	0.183838383838384	0.16565656565656578	0.15959595959595974
99	99	0.14444444444444454	0.188888888888889	0.20185185185185195	0.1574074074074075	0.16666666666666677	0.14074074074074083
100	100	0.13888888888888898	0.1574074074074075	0.2037037037037038	0.13888888888888898	0.20555555555555566	0.15555555555555564
101	101	0.17610062893081774	0.15723270440251583	0.15723270440251583	0.15723270440251583	0.17610062893081774	0.17610062893081774
102	102	0.18106995884773677	0.17283950617283964	0.17283950617283964	0.16460905349794253	0.15432098765432112	0.15432098765432112
103	103	0.17948717948717963	0.17948717948717963	0.16025641025641038	0.16025641025641038	0.16025641025641038	0.16025641025641038
104	104	0.12820512820512822	0.19145299145299147	0.2581196581196582	0.15042735042735045	0.1435897435897436	0.12820512820512822
105	105	0.15819209039548032	0.19209039548022608	0.18832391713747657	0.14124293785310743	0.17514124293785321	0.14500941619585697
106	106	0.18452380952380967	0.14880952380952392	0.1666666666666668	0.18452380952380967	0.1666666666666668	0.14880952380952392
107	107	0.1458333333333334	0.1302083333333334	0.2083333333333334	0.17708333333333337	0.1788194444444445	0.1597222222222223
108	108	0.09866666666666661	0.13777777777777778	0.40355555555555533	0.10488888888888884	0.18044444444444444	0.07466666666666663
109	109	0.14367816091954033	0.17816091954023	0.1954022988505748	0.16091954022988517	0.16091954022988517	0.16091954022988517
110	110	0.1291666666666666	0.14444444444444435	0.19861111111111102	0.1180555555555555	0.26249999999999996	0.14722222222222214
111	111	0.15723270440251585	0.17610062893081777	0.19496855345911965	0.15723270440251585	0.15723270440251585	0.15723270440251585
112	112	0.11764705882352934	0.1281045751633986	0.27450980392156854	0.1699346405228757	0.12156862745098031	0.18823529411764703
113	113	0.17948717948717963	0.16025641025641038	0.17948717948717963	0.16025641025641038	0.16025641025641038	0.16025641025641038
114	114	0.1267806267806267	0.14102564102564094	0.2592592592592592	0.12108262108262102	0.23361823361823358	0.11823361823361818
115	115	0.1039248203427309	0.16362631288004434	0.3150912106135989	0.05693753454947488	0.15091210613598688	0.2095080154781649
116	116	0.20277777777777772	0.19583333333333325	0.1749999999999999	0.12083333333333328	0.13333333333333325	0.1722222222222221
117	117	0.11695906432748529	0.18518518518518512	0.2738791423001948	0.09064327485380111	0.22612085769980497	0.10721247563352818
118	118	0.15723270440251585	0.15723270440251585	0.19496855345911965	0.15723270440251585	0.17610062893081777	0.15723270440251585
119	119	0.15432098765432112	0.2098765432098767	0.15432098765432112	0.15432098765432112	0.16460905349794253	0.16255144032921823
120	120	0.19576719576719578	0.14814814814814817	0.20811287477954146	0.16754850088183423	0.1322751322751323	0.14814814814814817
121	121	0.1505376344086022	0.20430107526881727	0.20071684587813626	0.13440860215053768	0.16129032258064524	0.14874551971326172
122	122	0.15686274509803919	0.1633986928104575	0.22058823529411764	0.1323529411764706	0.19444444444444442	0.1323529411764706
123	123	0.2083333333333334	0.18402777777777782	0.17708333333333337	0.17013888888888892	0.1302083333333334	0.1302083333333334
124	124	0.14942528735632193	0.16091954022988517	0.23946360153256718	0.14367816091954033	0.16091954022988517	0.14559386973180086
125	125	0.15432098765432112	0.17283950617283964	0.2098765432098767	0.15432098765432112	0.15432098765432112	0.15432098765432112
126	126	0.1628352490421457	0.16091954022988517	0.17816091954023	0.14367816091954033	0.1590038314176246	0.1954022988505748
127	127	0.11490978157644816	0.13390313390313383	0.329534662867996	0.10636277302943961	0.1595441595441595	0.15574548907882235
128	128	0.17283950617283964	0.17283950617283964	0.15432098765432112	0.17283950617283964	0.17283950617283964	0.15432098765432112
129	129	0.14880952380952392	0.2182539682539684	0.1527777777777779	0.1825396825396827	0.14880952380952392	0.14880952380952392
130	130	0.16252072968490877	0.20232172470978438	0.2155887230514096	0.14262023217247097	0.13930348258706468	0.13764510779436154
131	131	0.17660818713450288	0.1567251461988303	0.17076023391812853	0.0923976608187134	0.17543859649122803	0.2280701754385964
132	132	0.17514124293785321	0.14124293785310743	0.17514124293785321	0.14124293785310743	0.16384180790960462	0.20338983050847467
133	133	0.2321937321937322	0.15669515669515663	0.17094017094017086	0.11396011396011392	0.14102564102564097	0.18518518518518512
134	134	0.15723270440251585	0.15723270440251585	0.19496855345911965	0.17610062893081777	0.15723270440251585	0.15723270440251585
135	135	0.16025641025641038	0.17948717948717963	0.16025641025641038	0.16025641025641038	0.17948717948717963	0.16025641025641038
136	136	0.16775599128540317	0.16339869281045763	0.16339869281045763	0.16339869281045763	0.178649237472767	0.16339869281045763
137	137	0.1589310829817158	0.1589310829817158	0.28129395218002806	0.12095639943741204	0.12376933895921231	0.1561181434599155
138	138	0.17979797979797993	0.15555555555555567	0.15959595959595974	0.16969696969696985	0.183838383838384	0.15151515151515163
139	139	0.1431261770244822	0.17325800376647846	0.1807909604519775	0.17325800376647846	0.1544256120527308	0.17514124293785321
140	140	0.17142857142857137	0.15079365079365076	0.15238095238095234	0.17619047619047615	0.1904761904761904	0.15873015873015867
141	141	0.15432098765432112	0.17283950617283964	0.15432098765432112	0.17283950617283964	0.19135802469135818	0.15432098765432112
142	142	0.17695473251028798	0.1440329218106995	0.2455418381344307	0.11522633744855962	0.15226337448559663	0.16598079561042514
143	143	0.16025641025641038	0.16025641025641038	0.16025641025641038	0.17948717948717963	0.17948717948717963	0.16025641025641038
144	144	0.15432098765432112	0.15432098765432112	0.22839506172839522	0.15432098765432112	0.15432098765432112	0.15432098765432112
145	145	0.14141414141414144	0.18686868686868688	0.2171717171717172	0.14141414141414144	0.14141414141414144	0.1717171717171717
146	146	0.18128654970760247	0.17153996101364533	0.18128654970760247	0.14619883040935683	0.17348927875243678	0.14619883040935683
147	147	0.12638888888888883	0.15555555555555547	0.21249999999999997	0.14583333333333323	0.22499999999999998	0.13472222222222213
148	148	0.14529914529914534	0.17606837606837608	0.18803418803418806	0.17435897435897438	0.1623931623931624	0.15384615384615388
149	149	0.1617933723196882	0.15789473684210537	0.16374269005847963	0.15594541910331394	0.17153996101364533	0.18908382066276813
150	150	0.20202020202020204	0.15151515151515155	0.15824915824915828	0.1262626262626263	0.14141414141414144	0.2205387205387206
151	151	0.1415770609318997	0.1379928315412187	0.20788530465949825	0.1505376344086022	0.2275985663082438	0.13440860215053768
152	152	0.14689265536723173	0.14124293785310743	0.2071563088512242	0.15819209039548032	0.17325800376647846	0.17325800376647846
153	153	0.158974358974359	0.1418803418803419	0.2136752136752137	0.14871794871794874	0.1418803418803419	0.19487179487179487
154	154	0.1666666666666668	0.1730769230769232	0.16025641025641038	0.17948717948717963	0.16025641025641038	0.16025641025641038
155	155	0.14880952380952392	0.16071428571428584	0.17658730158730174	0.14880952380952392	0.1805555555555557	0.18452380952380967
156	156	0.1687242798353911	0.15432098765432112	0.1872427983539096	0.17489711934156393	0.1563786008230454	0.1584362139917697
157	157	0.1698412698412698	0.23174603174603178	0.19682539682539676	0.1476190476190476	0.11904761904761903	0.13492063492063489
158	158	0.18650793650793665	0.14880952380952392	0.19444444444444456	0.1666666666666668	0.15476190476190488	0.14880952380952392
159	159	0.16374269005847963	0.19883040935672525	0.19883040935672525	0.14619883040935683	0.14619883040935683	0.14619883040935683
160	160	0.1575456053067993	0.20232172470978438	0.19071310116086232	0.12935323383084577	0.19568822553897178	0.12437810945273632
161	161	0.17610062893081777	0.15723270440251585	0.17610062893081777	0.17610062893081777	0.15723270440251585	0.15723270440251585
162	162	0.1322751322751323	0.1322751322751323	0.1798941798941799	0.16402116402116407	0.1869488536155203	0.20458553791887127
163	163	0.15151515151515163	0.16363636363636377	0.22222222222222238	0.15151515151515163	0.15959595959595974	0.15151515151515163
164	164	0.19169719169719163	0.12454212454212443	0.23931623931623922	0.10256410256410249	0.18681318681318676	0.15506715506715493
165	165	0.1887905604719763	0.13569321533923293	0.2212389380530972	0.09144542772861348	0.2055063913470992	0.15732546705998024
166	166	0.16296296296296303	0.1648148148148149	0.21666666666666673	0.1555555555555556	0.14444444444444451	0.1555555555555556
167	167	0.1754385964912282	0.18128654970760247	0.17738791423001962	0.16374269005847963	0.15594541910331394	0.14619883040935683
168	168	0.185792349726776	0.15118397085610208	0.1548269581056467	0.13661202185792357	0.23315118397085619	0.13843351548269586
169	169	0.17610062893081774	0.17400419287211752	0.15932914046121605	0.15723270440251583	0.15723270440251583	0.17610062893081774
170	170	0.16374269005847963	0.21637426900584808	0.18128654970760247	0.14619883040935683	0.14619883040935683	0.14619883040935683
171	171	0.14814814814814817	0.1798941798941799	0.21164021164021166	0.15696649029982365	0.14814814814814817	0.15520282186948856
172	172	0.12573099415204675	0.15935672514619875	0.2573099415204678	0.11111111111111108	0.16812865497076016	0.1783625730994151
173	173	0.15723270440251585	0.15932914046121607	0.1865828092243188	0.1823899371069184	0.15723270440251585	0.15723270440251585
174	174	0.14880952380952392	0.14880952380952392	0.23809523809523825	0.14880952380952392	0.1666666666666668	0.14880952380952392
175	175	0.16565656565656578	0.17373737373737388	0.19191919191919207	0.15151515151515163	0.16565656565656578	0.15151515151515163
176	176	0.17610062893081777	0.17610062893081777	0.15723270440251585	0.17610062893081777	0.15723270440251585	0.15723270440251585
177	177	0.15932914046121607	0.17400419287211755	0.17610062893081777	0.17610062893081777	0.15723270440251585	0.15723270440251585
178	178	0.19298245614035098	0.14619883040935683	0.16374269005847963	0.14619883040935683	0.16374269005847963	0.18713450292397674
179	179	0.15151515151515163	0.15151515151515163	0.22424242424242438	0.15151515151515163	0.16969696969696985	0.15151515151515163
180	180	0.21356421356421357	0.18903318903318903	0.1861471861471861	0.11976911976911973	0.13564213564213556	0.15584415584415579
181	181	0.11740041928721162	0.10482180293501038	0.2735849056603772	0.0796645702306079	0.271488469601677	0.1530398322851152
182	182	0.21326164874551978	0.1415770609318997	0.1684587813620072	0.20071684587813626	0.13440860215053768	0.1415770609318997
183	183	0.15432098765432112	0.17078189300411536	0.2078189300411524	0.15432098765432112	0.15432098765432112	0.1584362139917697
184	184	0.2171717171717172	0.16161616161616163	0.1565656565656566	0.13636363636363638	0.14478114478114482	0.1835016835016835
185	185	0.18908382066276813	0.15399610136452252	0.18908382066276813	0.15594541910331394	0.16374269005847963	0.14814814814814825
186	186	0.1559139784946237	0.23476702508960584	0.1523297491039427	0.1505376344086022	0.16666666666666674	0.1397849462365592
187	187	0.15151515151515163	0.16969696969696985	0.2060606060606062	0.16969696969696985	0.15151515151515163	0.15151515151515163
188	188	0.1555555555555556	0.17777777777777784	0.225925925925926	0.1555555555555556	0.13888888888888895	0.14629629629629637
189	189	0.14880952380952392	0.2043650793650795	0.18452380952380967	0.14880952380952392	0.16468253968253982	0.14880952380952392
190	190	0.16402116402116407	0.14109347442680778	0.1940035273368607	0.15696649029982365	0.16754850088183423	0.17636684303350972
191	191	0.15151515151515163	0.15151515151515163	0.18787878787878803	0.185858585858586	0.15151515151515163	0.17171717171717185
192	192	0.19135802469135818	0.15432098765432112	0.17283950617283964	0.17283950617283964	0.15432098765432112	0.15432098765432112
193	193	0.14367816091954033	0.17816091954023	0.16091954022988517	0.19348659003831428	0.17049808429118785	0.153256704980843
194	194	0.15723270440251585	0.15932914046121607	0.20964360587002112	0.15932914046121607	0.15723270440251585	0.15723270440251585
195	195	0.19496855345911965	0.15723270440251585	0.17610062893081777	0.15723270440251585	0.15723270440251585	0.15723270440251585
196	196	0.1693989071038252	0.18032786885245908	0.1675774134790529	0.15846994535519132	0.13661202185792357	0.18761384335154832
197	197	0.1458333333333334	0.18923611111111116	0.24826388888888903	0.1319444444444445	0.1475694444444445	0.13715277777777785
198	198	0.14367816091954033	0.21264367816091964	0.17816091954023	0.16858237547892732	0.14367816091954033	0.153256704980843
199	199	0.13930348258706468	0.16252072968490877	0.25538971807628535	0.13598673300165837	0.15091210613598674	0.1558872305140962
200	200	0.16017316017316008	0.1471861471861471	0.3145743145743145	0.12842712842712836	0.10822510822510817	0.14141414141414133
201	201	0.16091954022988517	0.1628352490421457	0.21839080459770127	0.14367816091954033	0.14367816091954033	0.17049808429118785
202	202	0.16402116402116407	0.17283950617283952	0.20282186948853617	0.1322751322751323	0.14991181657848326	0.17813051146384482
203	203	0.1687242798353911	0.17283950617283964	0.17283950617283964	0.17283950617283964	0.15432098765432112	0.1584362139917697
204	204	0.22857142857142862	0.1222222222222222	0.15238095238095237	0.1476190476190476	0.18730158730158725	0.16190476190476186
205	205	0.16296296296296306	0.19629629629629639	0.1574074074074075	0.1574074074074075	0.17037037037037048	0.15555555555555564
206	206	0.19103313840155955	0.14619883040935683	0.18908382066276813	0.16374269005847963	0.14619883040935683	0.16374269005847963
207	207	0.15527065527065517	0.1438746438746438	0.3490028490028489	0.11111111111111106	0.11680911680911675	0.12393162393162387
208	208	0.14880952380952392	0.15476190476190488	0.17658730158730174	0.1527777777777779	0.1825396825396827	0.18452380952380967
209	209	0.12682379349046005	0.17283950617283947	0.344556677890011	0.1223344556677889	0.1223344556677889	0.11111111111111102
210	210	0.15723270440251583	0.16352201257861648	0.19496855345911965	0.15723270440251583	0.15723270440251583	0.1698113207547171
211	211	0.12174940898345143	0.13829787234042543	0.3120567375886523	0.12056737588652472	0.08865248226950348	0.218676122931442
212	212	0.13015873015873017	0.15079365079365076	0.20476190476190476	0.2507936507936509	0.12857142857142856	0.1349206349206349
213	213	0.14619883040935683	0.23196881091617946	0.15399610136452252	0.16764132553606248	0.15399610136452252	0.14619883040935683
214	214	0.1693989071038252	0.17850637522768675	0.2003642987249545	0.14207650273224048	0.16211293260473594	0.14754098360655743
215	215	0.16468253968253982	0.14880952380952392	0.2043650793650795	0.14880952380952392	0.14880952380952392	0.18452380952380967
216	216	0.15447154471544705	0.2168021680216802	0.2411924119241192	0.13685636856368555	0.11788617886178857	0.13279132791327905
217	217	0.17283950617283964	0.15432098765432112	0.2098765432098767	0.15432098765432112	0.15432098765432112	0.15432098765432112
218	218	0.158974358974359	0.18632478632478633	0.15384615384615388	0.1418803418803419	0.2	0.158974358974359
219	219	0.18300653594771255	0.16339869281045763	0.16339869281045763	0.16339869281045763	0.16339869281045763	0.16339869281045763
220	220	0.17948717948717963	0.17948717948717963	0.16025641025641038	0.16025641025641038	0.16025641025641038	0.16025641025641038
221	221	0.15432098765432112	0.17283950617283964	0.18312757201646104	0.18106995884773677	0.15432098765432112	0.15432098765432112
222	222	0.17741935483870971	0.1559139784946237	0.19892473118279574	0.1523297491039427	0.17025089605734772	0.1451612903225807
223	223	0.17283950617283964	0.1584362139917697	0.19135802469135818	0.1687242798353911	0.15432098765432112	0.15432098765432112
224	224	0.21326164874551978	0.1523297491039427	0.1559139784946237	0.1379928315412187	0.17025089605734775	0.17025089605734772
225	225	0.15422885572139303	0.18242122719734657	0.20895522388059698	0.12437810945273632	0.20398009950248755	0.12603648424543948
226	226	0.20218579234972683	0.14754098360655743	0.15846994535519132	0.13661202185792357	0.13661202185792357	0.21857923497267767
227	227	0.13020833333333337	0.2534722222222224	0.19270833333333334	0.16319444444444448	0.13020833333333337	0.13020833333333337
228	228	0.15412186379928322	0.13440860215053768	0.19892473118279574	0.1362007168458782	0.24193548387096783	0.13440860215053768
229	229	0.11225658648339051	0.1420389461626574	0.34707903780068705	0.16953035509736536	0.13058419243986244	0.0985108820160366
230	230	0.13463098134630985	0.12003244120032446	0.356853203568532	0.0689375506893755	0.19545823195458237	0.12408759124087596
231	231	0.15895061728395057	0.14197530864197527	0.23611111111111116	0.11574074074074071	0.1805555555555555	0.1666666666666666
232	232	0.16374269005847963	0.14619883040935683	0.23391812865497089	0.14619883040935683	0.14619883040935683	0.16374269005847963
233	233	0.15432098765432112	0.1584362139917697	0.20576131687242813	0.15432098765432112	0.1687242798353911	0.1584362139917697
234	234	0.17283950617283964	0.17283950617283964	0.15432098765432112	0.19135802469135818	0.15432098765432112	0.15432098765432112
235	235	0.16374269005847963	0.1832358674463939	0.19103313840155955	0.1520467836257311	0.14619883040935683	0.16374269005847963
236	236	0.15432098765432112	0.19135802469135818	0.15432098765432112	0.19135802469135818	0.15432098765432112	0.15432098765432112
237	237	0.16025641025641038	0.17948717948717963	0.16025641025641038	0.16025641025641038	0.17948717948717963	0.16025641025641038
238	238	0.1617933723196882	0.16374269005847963	0.2183235867446395	0.14619883040935683	0.14619883040935683	0.16374269005847963
239	239	0.17610062893081777	0.15723270440251585	0.17610062893081777	0.17610062893081777	0.15723270440251585	0.15723270440251585
240	240	0.1666666666666667	0.1788194444444445	0.1944444444444445	0.15451388888888895	0.1458333333333334	0.1597222222222223
241	241	0.14509803921568618	0.12941176470588225	0.3437908496732025	0.1281045751633986	0.1281045751633986	0.1254901960784313
242	242	0.16374269005847963	0.14619883040935683	0.19883040935672525	0.16374269005847963	0.18128654970760247	0.14619883040935683
243	243	0.1545893719806763	0.23188405797101458	0.18840579710144925	0.15619967793880835	0.14170692431561996	0.12721417069243157
244	244	0.16969696969696985	0.15959595959595974	0.17373737373737388	0.1575757575757577	0.18787878787878803	0.15151515151515163
245	245	0.18849206349206363	0.17857142857142871	0.15079365079365092	0.14880952380952392	0.1666666666666668	0.1666666666666668
246	246	0.14880952380952392	0.18452380952380967	0.1666666666666668	0.20238095238095252	0.14880952380952392	0.14880952380952392
247	247	0.15723270440251585	0.15723270440251585	0.21383647798742153	0.15723270440251585	0.15723270440251585	0.15723270440251585
248	248	0.19135802469135818	0.17283950617283964	0.15432098765432112	0.15432098765432112	0.17283950617283964	0.15432098765432112
249	249	0.17708333333333337	0.21527777777777785	0.1614583333333334	0.17708333333333337	0.13888888888888895	0.1302083333333334
250	250	0.18787878787878803	0.185858585858586	0.15151515151515163	0.15151515151515163	0.17171717171717185	0.15151515151515163
251	251	0.17708333333333337	0.15798611111111116	0.24479166666666677	0.13888888888888895	0.1458333333333334	0.1354166666666667
252	252	0.15819209039548032	0.15819209039548032	0.18079096045197748	0.15819209039548032	0.14124293785310743	0.20338983050847467
253	253	0.15359477124183005	0.1813725490196078	0.17483660130718953	0.17320261437908493	0.15359477124183007	0.1633986928104575
254	254	0.1614583333333334	0.1302083333333334	0.2222222222222223	0.1614583333333334	0.1631944444444445	0.1614583333333334
255	255	0.15723270440251585	0.15723270440251585	0.19496855345911965	0.17610062893081777	0.15723270440251585	0.15723270440251585
256	256	0.10058479532163736	0.12865497076023383	0.37660818713450267	0.10058479532163736	0.16959064327485376	0.12397660818713441
257	257	0.13888888888888895	0.14814814814814822	0.2703703703703706	0.14814814814814822	0.13888888888888895	0.1555555555555556
258	258	0.21759259259259248	0.15509259259259248	0.19097222222222213	0.14004629629629617	0.13657407407407396	0.1597222222222221
259	259	0.1322751322751323	0.19753086419753088	0.20987654320987656	0.14814814814814817	0.14814814814814817	0.16402116402116407
260	260	0.1581920903954803	0.1751412429378532	0.22033898305084754	0.14500941619585694	0.14312617702448216	0.1581920903954803
261	261	0.11719939117199389	0.18721461187214605	0.25570776255707767	0.14764079147640788	0.11415525114155249	0.17808219178082185
262	262	0.19688109161793382	0.14619883040935683	0.16374269005847963	0.20077972709551667	0.14619883040935683	0.14619883040935683
263	263	0.15723270440251585	0.17610062893081777	0.15723270440251585	0.17610062893081777	0.17610062893081777	0.15723270440251585
264	264	0.12794612794612797	0.1717171717171717	0.23063973063973067	0.14478114478114482	0.1835016835016835	0.14141414141414144
265	265	0.15079365079365092	0.1666666666666668	0.16468253968253982	0.19246031746031758	0.15674603174603188	0.16865079365079377
266	266	0.19135802469135818	0.15432098765432112	0.19135802469135818	0.15432098765432112	0.15432098765432112	0.15432098765432112
267	267	0.1340388007054674	0.1322751322751323	0.19576719576719578	0.1322751322751323	0.24162257495590833	0.16402116402116407
268	268	0.1598440545808968	0.14814814814814825	0.21637426900584808	0.14814814814814825	0.16569200779727106	0.1617933723196882
269	269	0.17816091954023	0.1475095785440614	0.23371647509578555	0.14367816091954033	0.14367816091954033	0.153256704980843
270	270	0.16339869281045763	0.16339869281045763	0.18300653594771255	0.16339869281045763	0.16339869281045763	0.16339869281045763
271	271	0.17610062893081777	0.15723270440251585	0.17610062893081777	0.17610062893081777	0.15723270440251585	0.15723270440251585
272	272	0.19585687382297556	0.1412429378531074	0.20903954802259894	0.1412429378531074	0.17137476459510365	0.1412429378531074
273	273	0.15962441314553985	0.20813771517996865	0.22222222222222218	0.11737089201877932	0.1611893583724569	0.13145539906103285
274	274	0.15789473684210537	0.17348927875243678	0.16374269005847963	0.17933723196881105	0.14619883040935683	0.17933723196881105
275	275	0.19135802469135818	0.15432098765432112	0.15432098765432112	0.19135802469135818	0.15432098765432112	0.15432098765432112
276	276	0.15432098765432112	0.15432098765432112	0.22839506172839522	0.15432098765432112	0.15432098765432112	0.15432098765432112
277	277	0.16969696969696985	0.15151515151515163	0.18181818181818196	0.17777777777777792	0.15151515151515163	0.1676767676767678
278	278	0.15151515151515163	0.16161616161616174	0.185858585858586	0.18181818181818196	0.15151515151515163	0.1676767676767678
279	279	0.19135802469135818	0.15432098765432112	0.17489711934156393	0.15432098765432112	0.1687242798353911	0.1563786008230454
280	280	0.23888888888888904	0.13888888888888898	0.15555555555555564	0.14074074074074083	0.15185185185185196	0.1740740740740742
281	281	0.1628352490421457	0.16091954022988517	0.1954022988505748	0.14367816091954033	0.19348659003831428	0.14367816091954033
282	282	0.14619883040935683	0.15399610136452252	0.23976608187134515	0.16374269005847963	0.14619883040935683	0.15009746588693967
283	283	0.15300546448087438	0.17122040072859748	0.1712204007285975	0.16393442622950827	0.18214936247723137	0.15846994535519132
284	284	0.19023569023569026	0.17340067340067342	0.16835016835016836	0.1717171717171717	0.1262626262626263	0.17003367003367004
285	285	0.15086646279306823	0.12538226299694177	0.23445463812436276	0.14169215086646267	0.13353720693170223	0.21406727828746167
286	286	0.1666666666666668	0.14880952380952392	0.22023809523809537	0.15079365079365092	0.16468253968253982	0.14880952380952392
287	287	0.19246031746031758	0.15873015873015886	0.18452380952380967	0.14880952380952392	0.14880952380952392	0.1666666666666668
288	288	0.15151515151515163	0.15959595959595974	0.17979797979797993	0.15151515151515163	0.2060606060606062	0.15151515151515163
289	289	0.19135802469135818	0.15432098765432112	0.17283950617283964	0.17283950617283964	0.15432098765432112	0.15432098765432112
290	290	0.23985890652557323	0.19576719576719578	0.16402116402116407	0.1322751322751323	0.1322751322751323	0.1358024691358025
291	291	0.18614718614718606	0.12698412698412692	0.22077922077922074	0.13275613275613268	0.1515151515151514	0.1818181818181817
292	292	0.17962962962962972	0.188888888888889	0.16481481481481491	0.17222222222222233	0.13888888888888898	0.15555555555555564
293	293	0.14880952380952392	0.15873015873015886	0.14880952380952392	0.17261904761904776	0.1666666666666668	0.2043650793650795
294	294	0.19209039548022605	0.1412429378531074	0.1996233521657251	0.1751412429378532	0.1412429378531074	0.15065913370998124
295	295	0.15151515151515163	0.18787878787878803	0.15151515151515163	0.17373737373737388	0.15151515151515163	0.183838383838384
296	296	0.1458333333333334	0.1927083333333334	0.19097222222222227	0.1302083333333334	0.19965277777777785	0.14062500000000006
297	297	0.16025641025641038	0.17948717948717963	0.16025641025641038	0.17948717948717963	0.16025641025641038	0.16025641025641038
298	298	0.15151515151515163	0.15151515151515163	0.18787878787878803	0.2060606060606062	0.15151515151515163	0.15151515151515163
299	299	0.1276276276276276	0.2657657657657658	0.20720720720720717	0.13963963963963963	0.1471471471471471	0.11261261261261259
300	300	0.13888888888888898	0.1500000000000001	0.19629629629629639	0.17222222222222233	0.17222222222222233	0.17037037037037048
301	301	0.15432098765432112	0.17078189300411536	0.2098765432098767	0.15432098765432112	0.15432098765432112	0.1563786008230454
302	302	0.1623931623931625	0.17735042735042747	0.1666666666666668	0.16025641025641038	0.16025641025641038	0.1730769230769232
303	303	0.17283950617283964	0.15432098765432112	0.17283950617283964	0.15432098765432112	0.19135802469135818	0.15432098765432112
304	304	0.1628352490421457	0.1954022988505748	0.14367816091954033	0.19348659003831428	0.14367816091954033	0.16091954022988517
305	305	0.19469026548672558	0.11406096361848564	0.1691248770894788	0.08554572271386424	0.2517207472959684	0.18485742379547682
306	306	0.1763285024154589	0.10507246376811587	0.21859903381642504	0.1062801932367149	0.27415458937198056	0.11956521739130425
307	307	0.15432098765432112	0.17283950617283964	0.2098765432098767	0.15432098765432112	0.15432098765432112	0.15432098765432112
308	308	0.08935508935508935	0.09790209790209789	0.46853146853146854	0.11344211344211347	0.14918414918414924	0.08158508158508157
309	309	0.19230769230769224	0.14102564102564097	0.22934472934472935	0.13390313390313385	0.1794871794871794	0.1239316239316239
310	310	0.14619883040935683	0.15399610136452252	0.14619883040935683	0.14619883040935683	0.24951267056530227	0.15789473684210537
311	311	0.1262626262626263	0.22390572390572394	0.23737373737373746	0.14478114478114482	0.14141414141414144	0.1262626262626263
312	312	0.13925925925925922	0.1866666666666666	0.24592592592592594	0.11555555555555552	0.1629629629629629	0.14962962962962956
313	313	0.21202854230377155	0.1946992864424056	0.17737003058103967	0.12844036697247693	0.15290519877675834	0.13455657492354728
314	314	0.17283950617283964	0.15432098765432112	0.17283950617283964	0.17283950617283964	0.15432098765432112	0.17283950617283964
