0	0	0.09433962264150944	0.09433962264150944	0.09433962264150944	0.09433962264150944	0.11320754716981132	0.11320754716981132	0.11320754716981132	0.09433962264150944	0.09433962264150944	0.09433962264150944
1	1	0.09259259259259259	0.09259259259259259	0.1111111111111111	0.09259259259259259	0.1111111111111111	0.09259259259259259	0.09259259259259259	0.09259259259259259	0.12962962962962962	0.09259259259259259
2	2	0.08771929824561403	0.08771929824561403	0.10526315789473684	0.08771929824561403	0.10526315789473684	0.10526315789473684	0.08771929824561403	0.08771929824561403	0.08771929824561403	0.15789473684210525
3	3	0.08771929824561403	0.08771929824561403	0.08771929824561403	0.08771929824561403	0.19298245614035087	0.08771929824561403	0.08771929824561403	0.10526315789473684	0.08771929824561403	0.08771929824561403
4	4	0.1	0.08333333333333333	0.11666666666666667	0.08333333333333333	0.11666666666666667	0.08333333333333333	0.1	0.08333333333333333	0.15	0.08333333333333333
5	5	0.06976744186046512	0.06976744186046512	0.06976744186046512	0.08139534883720931	0.2441860465116279	0.06976744186046512	0.13953488372093023	0.06976744186046512	0.12790697674418605	0.05813953488372093
6	6	0.12643678160919541	0.05747126436781609	0.05747126436781609	0.12643678160919541	0.16091954022988506	0.13793103448275862	0.08045977011494253	0.06896551724137931	0.11494252873563218	0.06896551724137931
7	7	0.09375	0.125	0.09375	0.09375	0.109375	0.078125	0.09375	0.109375	0.09375	0.109375
8	8	0.09333333333333334	0.06666666666666667	0.09333333333333334	0.13333333333333333	0.10666666666666667	0.12	0.06666666666666667	0.09333333333333334	0.16	0.06666666666666667
9	9	0.125	0.08928571428571429	0.08928571428571429	0.10714285714285714	0.10714285714285714	0.08928571428571429	0.10714285714285714	0.08928571428571429	0.10714285714285714	0.08928571428571429
10	10	0.11475409836065574	0.09836065573770492	0.09836065573770492	0.09836065573770492	0.11475409836065574	0.08196721311475409	0.13114754098360656	0.08196721311475409	0.09836065573770492	0.08196721311475409
11	11	0.09259259259259259	0.09259259259259259	0.09259259259259259	0.09259259259259259	0.09259259259259259	0.1111111111111111	0.09259259259259259	0.09259259259259259	0.14814814814814814	0.09259259259259259
12	12	0.09375	0.078125	0.078125	0.09375	0.203125	0.09375	0.09375	0.078125	0.109375	0.078125
13	13	0.09090909090909091	0.09090909090909091	0.09090909090909091	0.09090909090909091	0.1038961038961039	0.09090909090909091	0.09090909090909091	0.11688311688311688	0.14285714285714285	0.09090909090909091
14	14	0.09090909090909091	0.09090909090909091	0.09090909090909091	0.10909090909090909	0.09090909090909091	0.10909090909090909	0.10909090909090909	0.09090909090909091	0.12727272727272726	0.09090909090909091
15	15	0.12307692307692308	0.12307692307692308	0.07692307692307693	0.07692307692307693	0.13846153846153847	0.09230769230769231	0.12307692307692308	0.07692307692307693	0.09230769230769231	0.07692307692307693
16	16	0.11864406779661017	0.0847457627118644	0.0847457627118644	0.0847457627118644	0.2033898305084746	0.0847457627118644	0.0847457627118644	0.0847457627118644	0.0847457627118644	0.0847457627118644
17	17	0.12280701754385964	0.14035087719298245	0.08771929824561403	0.08771929824561403	0.08771929824561403	0.10526315789473684	0.08771929824561403	0.10526315789473684	0.08771929824561403	0.08771929824561403
18	18	0.08928571428571429	0.16071428571428573	0.08928571428571429	0.08928571428571429	0.08928571428571429	0.10714285714285714	0.08928571428571429	0.08928571428571429	0.10714285714285714	0.08928571428571429
19	19	0.09259259259259259	0.09259259259259259	0.09259259259259259	0.09259259259259259	0.09259259259259259	0.1111111111111111	0.1111111111111111	0.1111111111111111	0.09259259259259259	0.1111111111111111
20	20	0.10294117647058823	0.07352941176470588	0.08823529411764706	0.16176470588235295	0.1323529411764706	0.07352941176470588	0.07352941176470588	0.07352941176470588	0.14705882352941177	0.07352941176470588
21	21	0.09433962264150944	0.09433962264150944	0.11320754716981132	0.09433962264150944	0.11320754716981132	0.11320754716981132	0.09433962264150944	0.09433962264150944	0.09433962264150944	0.09433962264150944
22	22	0.09836065573770492	0.08196721311475409	0.11475409836065574	0.09836065573770492	0.13114754098360656	0.11475409836065574	0.08196721311475409	0.09836065573770492	0.09836065573770492	0.08196721311475409
23	23	0.075	0.075	0.0875	0.1	0.1375	0.075	0.1625	0.0625	0.1625	0.0625
24	24	0.13157894736842105	0.07894736842105263	0.10526315789473684	0.11842105263157894	0.11842105263157894	0.09210526315789473	0.13157894736842105	0.07894736842105263	0.07894736842105263	0.06578947368421052
25	25	0.09259259259259259	0.1111111111111111	0.1111111111111111	0.09259259259259259	0.12962962962962962	0.09259259259259259	0.09259259259259259	0.09259259259259259	0.09259259259259259	0.09259259259259259
26	26	0.07777777777777778	0.1	0.06666666666666667	0.12222222222222222	0.08888888888888889	0.1111111111111111	0.08888888888888889	0.1111111111111111	0.17777777777777778	0.05555555555555555
27	27	0.13333333333333333	0.1	0.08333333333333333	0.11666666666666667	0.1	0.1	0.11666666666666667	0.08333333333333333	0.08333333333333333	0.08333333333333333
28	28	0.10344827586206896	0.10344827586206896	0.1206896551724138	0.08620689655172414	0.13793103448275862	0.08620689655172414	0.10344827586206896	0.08620689655172414	0.08620689655172414	0.08620689655172414
29	29	0.11666666666666667	0.08333333333333333	0.08333333333333333	0.13333333333333333	0.11666666666666667	0.1	0.08333333333333333	0.1	0.1	0.08333333333333333
30	30	0.08771929824561403	0.08771929824561403	0.10526315789473684	0.10526315789473684	0.14035087719298245	0.08771929824561403	0.10526315789473684	0.10526315789473684	0.08771929824561403	0.08771929824561403
31	31	0.08928571428571429	0.14285714285714285	0.10714285714285714	0.08928571428571429	0.08928571428571429	0.08928571428571429	0.08928571428571429	0.10714285714285714	0.08928571428571429	0.10714285714285714
32	32	0.11475409836065574	0.08196721311475409	0.08196721311475409	0.08196721311475409	0.11475409836065574	0.11475409836065574	0.11475409836065574	0.09836065573770492	0.08196721311475409	0.11475409836065574
33	33	0.11627906976744186	0.08139534883720931	0.1511627906976744	0.09302325581395349	0.12790697674418605	0.05813953488372093	0.10465116279069768	0.08139534883720931	0.08139534883720931	0.10465116279069768
34	34	0.07936507936507936	0.09523809523809523	0.14285714285714285	0.1111111111111111	0.1111111111111111	0.1111111111111111	0.09523809523809523	0.07936507936507936	0.09523809523809523	0.07936507936507936
35	35	0.10714285714285714	0.08928571428571429	0.08928571428571429	0.08928571428571429	0.08928571428571429	0.125	0.08928571428571429	0.14285714285714285	0.08928571428571429	0.08928571428571429
36	36	0.07692307692307693	0.07692307692307693	0.14102564102564102	0.16666666666666666	0.08974358974358974	0.08974358974358974	0.11538461538461539	0.07692307692307693	0.07692307692307693	0.08974358974358974
37	37	0.08955223880597014	0.07462686567164178	0.07462686567164178	0.14925373134328357	0.14925373134328357	0.07462686567164178	0.16417910447761194	0.07462686567164178	0.07462686567164178	0.07462686567164178
38	38	0.11538461538461539	0.09615384615384616	0.11538461538461539	0.09615384615384616	0.09615384615384616	0.09615384615384616	0.09615384615384616	0.09615384615384616	0.09615384615384616	0.09615384615384616
39	39	0.06756756756756757	0.08108108108108109	0.06756756756756757	0.10810810810810811	0.24324324324324326	0.08108108108108109	0.10810810810810811	0.0945945945945946	0.08108108108108109	0.06756756756756757
40	40	0.11666666666666667	0.08333333333333333	0.1	0.11666666666666667	0.1	0.1	0.11666666666666667	0.1	0.08333333333333333	0.08333333333333333
41	41	0.16393442622950818	0.08196721311475409	0.09836065573770492	0.08196721311475409	0.09836065573770492	0.08196721311475409	0.08196721311475409	0.13114754098360656	0.09836065573770492	0.08196721311475409
42	42	0.11940298507462686	0.08955223880597014	0.14925373134328357	0.11940298507462686	0.08955223880597014	0.07462686567164178	0.08955223880597014	0.07462686567164178	0.08955223880597014	0.1044776119402985
43	43	0.09230769230769231	0.13846153846153847	0.12307692307692308	0.07692307692307693	0.09230769230769231	0.09230769230769231	0.12307692307692308	0.09230769230769231	0.09230769230769231	0.07692307692307693
44	44	0.10294117647058823	0.07352941176470588	0.07352941176470588	0.11764705882352941	0.14705882352941177	0.07352941176470588	0.10294117647058823	0.08823529411764706	0.11764705882352941	0.10294117647058823
45	45	0.09615384615384616	0.09615384615384616	0.11538461538461539	0.09615384615384616	0.09615384615384616	0.09615384615384616	0.09615384615384616	0.09615384615384616	0.09615384615384616	0.11538461538461539
46	46	0.10526315789473684	0.10526315789473684	0.08771929824561403	0.10526315789473684	0.12280701754385964	0.08771929824561403	0.08771929824561403	0.08771929824561403	0.10526315789473684	0.10526315789473684
47	47	0.08955223880597014	0.07462686567164178	0.07462686567164178	0.11940298507462686	0.08955223880597014	0.07462686567164178	0.08955223880597014	0.07462686567164178	0.16417910447761194	0.14925373134328357
48	48	0.109375	0.078125	0.078125	0.109375	0.125	0.125	0.09375	0.078125	0.09375	0.109375
49	49	0.09615384615384616	0.11538461538461539	0.09615384615384616	0.09615384615384616	0.09615384615384616	0.09615384615384616	0.11538461538461539	0.09615384615384616	0.09615384615384616	0.09615384615384616
50	50	0.08849557522123894	0.061946902654867256	0.11504424778761062	0.1504424778761062	0.19469026548672566	0.05309734513274336	0.09734513274336283	0.08849557522123894	0.10619469026548672	0.04424778761061947
51	51	0.1320754716981132	0.09433962264150944	0.09433962264150944	0.09433962264150944	0.09433962264150944	0.11320754716981132	0.09433962264150944	0.09433962264150944	0.09433962264150944	0.09433962264150944
52	52	0.09259259259259259	0.09259259259259259	0.09259259259259259	0.09259259259259259	0.12962962962962962	0.12962962962962962	0.09259259259259259	0.09259259259259259	0.09259259259259259	0.09259259259259259
53	53	0.09523809523809523	0.1111111111111111	0.1111111111111111	0.1111111111111111	0.09523809523809523	0.1111111111111111	0.09523809523809523	0.09523809523809523	0.09523809523809523	0.07936507936507936
54	54	0.1	0.12857142857142856	0.07142857142857142	0.1	0.14285714285714285	0.08571428571428572	0.12857142857142856	0.07142857142857142	0.08571428571428572	0.08571428571428572
55	55	0.07608695652173914	0.08695652173913043	0.13043478260869565	0.20652173913043478	0.09782608695652174	0.09782608695652174	0.09782608695652174	0.07608695652173914	0.06521739130434782	0.06521739130434782
56	56	0.10344827586206896	0.10344827586206896	0.08620689655172414	0.08620689655172414	0.15517241379310345	0.08620689655172414	0.08620689655172414	0.08620689655172414	0.1206896551724138	0.08620689655172414
57	57	0.08196721311475409	0.09836065573770492	0.08196721311475409	0.08196721311475409	0.08196721311475409	0.11475409836065574	0.11475409836065574	0.09836065573770492	0.14754098360655737	0.09836065573770492
58	58	0.11290322580645161	0.08064516129032258	0.11290322580645161	0.08064516129032258	0.16129032258064516	0.0967741935483871	0.08064516129032258	0.08064516129032258	0.11290322580645161	0.08064516129032258
59	59	0.10909090909090909	0.09090909090909091	0.12727272727272726	0.09090909090909091	0.09090909090909091	0.10909090909090909	0.09090909090909091	0.09090909090909091	0.09090909090909091	0.10909090909090909
60	60	0.07575757575757576	0.07575757575757576	0.09090909090909091	0.15151515151515152	0.10606060606060606	0.09090909090909091	0.10606060606060606	0.10606060606060606	0.12121212121212122	0.07575757575757576
61	61	0.078125	0.09375	0.125	0.09375	0.140625	0.09375	0.078125	0.078125	0.140625	0.078125
62	62	0.07936507936507936	0.07936507936507936	0.07936507936507936	0.12698412698412698	0.12698412698412698	0.09523809523809523	0.1111111111111111	0.09523809523809523	0.09523809523809523	0.1111111111111111
63	63	0.09615384615384616	0.09615384615384616	0.09615384615384616	0.11538461538461539	0.09615384615384616	0.09615384615384616	0.09615384615384616	0.11538461538461539	0.09615384615384616	0.09615384615384616
64	64	0.09259259259259259	0.09259259259259259	0.09259259259259259	0.09259259259259259	0.1111111111111111	0.1111111111111111	0.12962962962962962	0.09259259259259259	0.09259259259259259	0.09259259259259259
65	65	0.08571428571428572	0.1	0.14285714285714285	0.1	0.11428571428571428	0.11428571428571428	0.1	0.07142857142857142	0.08571428571428572	0.08571428571428572
66	66	0.1111111111111111	0.09259259259259259	0.09259259259259259	0.09259259259259259	0.09259259259259259	0.1111111111111111	0.09259259259259259	0.1111111111111111	0.1111111111111111	0.09259259259259259
67	67	0.11538461538461539	0.09615384615384616	0.09615384615384616	0.09615384615384616	0.09615384615384616	0.09615384615384616	0.09615384615384616	0.09615384615384616	0.11538461538461539	0.09615384615384616
68	68	0.09615384615384616	0.09615384615384616	0.11538461538461539	0.09615384615384616	0.11538461538461539	0.09615384615384616	0.09615384615384616	0.09615384615384616	0.09615384615384616	0.09615384615384616
69	69	0.0847457627118644	0.0847457627118644	0.1016949152542373	0.1016949152542373	0.15254237288135594	0.0847457627118644	0.1016949152542373	0.1016949152542373	0.1016949152542373	0.0847457627118644
70	70	0.1	0.08571428571428572	0.12857142857142856	0.08571428571428572	0.17142857142857143	0.1	0.08571428571428572	0.08571428571428572	0.08571428571428572	0.07142857142857142
71	71	0.09615384615384616	0.09615384615384616	0.09615384615384616	0.09615384615384616	0.1346153846153846	0.09615384615384616	0.09615384615384616	0.09615384615384616	0.09615384615384616	0.09615384615384616
72	72	0.07692307692307693	0.0641025641025641	0.11538461538461539	0.11538461538461539	0.15384615384615385	0.11538461538461539	0.0641025641025641	0.0641025641025641	0.14102564102564102	0.08974358974358974
73	73	0.078125	0.078125	0.078125	0.125	0.109375	0.09375	0.09375	0.09375	0.125	0.125
74	74	0.09615384615384616	0.09615384615384616	0.09615384615384616	0.09615384615384616	0.09615384615384616	0.11538461538461539	0.11538461538461539	0.09615384615384616	0.09615384615384616	0.09615384615384616
75	75	0.19101123595505617	0.16853932584269662	0.056179775280898875	0.07865168539325842	0.12359550561797752	0.06741573033707865	0.07865168539325842	0.10112359550561797	0.06741573033707865	0.06741573033707865
76	76	0.09259259259259259	0.12962962962962962	0.09259259259259259	0.1111111111111111	0.09259259259259259	0.09259259259259259	0.1111111111111111	0.09259259259259259	0.09259259259259259	0.09259259259259259
77	77	0.08928571428571429	0.10714285714285714	0.10714285714285714	0.10714285714285714	0.14285714285714285	0.08928571428571429	0.08928571428571429	0.08928571428571429	0.08928571428571429	0.08928571428571429
78	78	0.1206896551724138	0.08620689655172414	0.08620689655172414	0.08620689655172414	0.13793103448275862	0.08620689655172414	0.1206896551724138	0.08620689655172414	0.08620689655172414	0.10344827586206896
79	79	0.09259259259259259	0.09259259259259259	0.09259259259259259	0.09259259259259259	0.1111111111111111	0.1111111111111111	0.09259259259259259	0.12962962962962962	0.09259259259259259	0.09259259259259259
80	80	0.109375	0.078125	0.09375	0.109375	0.09375	0.078125	0.140625	0.09375	0.09375	0.109375
81	81	0.08928571428571429	0.125	0.08928571428571429	0.08928571428571429	0.10714285714285714	0.10714285714285714	0.08928571428571429	0.10714285714285714	0.10714285714285714	0.08928571428571429
82	82	0.09090909090909091	0.07575757575757576	0.16666666666666666	0.09090909090909091	0.15151515151515152	0.09090909090909091	0.10606060606060606	0.07575757575757576	0.07575757575757576	0.07575757575757576
83	83	0.15942028985507245	0.07246376811594203	0.07246376811594203	0.10144927536231885	0.15942028985507245	0.10144927536231885	0.10144927536231885	0.08695652173913043	0.07246376811594203	0.07246376811594203
84	84	0.08196721311475409	0.08196721311475409	0.09836065573770492	0.09836065573770492	0.16393442622950818	0.09836065573770492	0.11475409836065574	0.08196721311475409	0.09836065573770492	0.08196721311475409
85	85	0.1016949152542373	0.0847457627118644	0.0847457627118644	0.11864406779661017	0.11864406779661017	0.1016949152542373	0.0847457627118644	0.1016949152542373	0.11864406779661017	0.0847457627118644
86	86	0.09090909090909091	0.12121212121212122	0.07575757575757576	0.07575757575757576	0.19696969696969696	0.07575757575757576	0.07575757575757576	0.09090909090909091	0.10606060606060606	0.09090909090909091
87	87	0.07352941176470588	0.08823529411764706	0.10294117647058823	0.08823529411764706	0.10294117647058823	0.11764705882352941	0.07352941176470588	0.07352941176470588	0.10294117647058823	0.17647058823529413
88	88	0.20652173913043478	0.08695652173913043	0.17391304347826086	0.08695652173913043	0.08695652173913043	0.06521739130434782	0.06521739130434782	0.07608695652173914	0.08695652173913043	0.06521739130434782
89	89	0.109375	0.078125	0.078125	0.078125	0.171875	0.09375	0.109375	0.078125	0.078125	0.125
90	90	0.10909090909090909	0.10909090909090909	0.09090909090909091	0.09090909090909091	0.09090909090909091	0.10909090909090909	0.09090909090909091	0.12727272727272726	0.09090909090909091	0.09090909090909091
91	91	0.09433962264150944	0.1509433962264151	0.09433962264150944	0.09433962264150944	0.09433962264150944	0.09433962264150944	0.09433962264150944	0.09433962264150944	0.09433962264150944	0.09433962264150944
92	92	0.12745098039215685	0.06862745098039216	0.0784313725490196	0.11764705882352941	0.19607843137254902	0.09803921568627451	0.06862745098039216	0.08823529411764706	0.049019607843137254	0.10784313725490197
93	93	0.09523809523809523	0.1111111111111111	0.07936507936507936	0.09523809523809523	0.14285714285714285	0.12698412698412698	0.07936507936507936	0.09523809523809523	0.07936507936507936	0.09523809523809523
94	94	0.10526315789473684	0.08771929824561403	0.08771929824561403	0.08771929824561403	0.12280701754385964	0.14035087719298245	0.08771929824561403	0.08771929824561403	0.10526315789473684	0.08771929824561403
95	95	0.12727272727272726	0.09090909090909091	0.09090909090909091	0.09090909090909091	0.10909090909090909	0.10909090909090909	0.09090909090909091	0.10909090909090909	0.09090909090909091	0.09090909090909091
96	96	0.08333333333333333	0.1	0.08333333333333333	0.13333333333333333	0.13333333333333333	0.08333333333333333	0.11666666666666667	0.1	0.08333333333333333	0.08333333333333333
97	97	0.08955223880597014	0.07462686567164178	0.14925373134328357	0.14925373134328357	0.08955223880597014	0.07462686567164178	0.1044776119402985	0.07462686567164178	0.07462686567164178	0.11940298507462686
98	98	0.10909090909090909	0.09090909090909091	0.10909090909090909	0.10909090909090909	0.10909090909090909	0.09090909090909091	0.09090909090909091	0.09090909090909091	0.10909090909090909	0.09090909090909091
99	99	0.1	0.08333333333333333	0.1	0.1	0.11666666666666667	0.11666666666666667	0.1	0.08333333333333333	0.08333333333333333	0.11666666666666667
100	100	0.11475409836065574	0.09836065573770492	0.08196721311475409	0.09836065573770492	0.14754098360655737	0.09836065573770492	0.08196721311475409	0.08196721311475409	0.11475409836065574	0.08196721311475409
101	101	0.09259259259259259	0.09259259259259259	0.09259259259259259	0.09259259259259259	0.09259259259259259	0.09259259259259259	0.12962962962962962	0.09259259259259259	0.12962962962962962	0.09259259259259259
102	102	0.09259259259259259	0.09259259259259259	0.09259259259259259	0.09259259259259259	0.12962962962962962	0.09259259259259259	0.1111111111111111	0.09259259259259259	0.1111111111111111	0.09259259259259259
103	103	0.11538461538461539	0.09615384615384616	0.09615384615384616	0.09615384615384616	0.09615384615384616	0.11538461538461539	0.09615384615384616	0.09615384615384616	0.09615384615384616	0.09615384615384616
104	104	0.1076923076923077	0.1076923076923077	0.07692307692307693	0.09230769230769231	0.12307692307692308	0.13846153846153847	0.07692307692307693	0.09230769230769231	0.1076923076923077	0.07692307692307693
105	105	0.1	0.08333333333333333	0.1	0.08333333333333333	0.16666666666666666	0.08333333333333333	0.1	0.08333333333333333	0.11666666666666667	0.08333333333333333
106	106	0.10714285714285714	0.08928571428571429	0.10714285714285714	0.10714285714285714	0.125	0.08928571428571429	0.10714285714285714	0.08928571428571429	0.08928571428571429	0.08928571428571429
107	107	0.09375	0.09375	0.078125	0.109375	0.109375	0.078125	0.09375	0.109375	0.125	0.109375
108	108	0.13953488372093023	0.11627906976744186	0.06976744186046512	0.07751937984496124	0.20930232558139536	0.05426356589147287	0.10852713178294573	0.03875968992248062	0.14728682170542637	0.03875968992248062
109	109	0.10344827586206896	0.08620689655172414	0.08620689655172414	0.10344827586206896	0.13793103448275862	0.10344827586206896	0.08620689655172414	0.08620689655172414	0.08620689655172414	0.1206896551724138
110	110	0.06097560975609756	0.08536585365853659	0.08536585365853659	0.18292682926829268	0.08536585365853659	0.06097560975609756	0.18292682926829268	0.06097560975609756	0.12195121951219512	0.07317073170731707
111	111	0.09433962264150944	0.09433962264150944	0.09433962264150944	0.1320754716981132	0.09433962264150944	0.09433962264150944	0.11320754716981132	0.09433962264150944	0.09433962264150944	0.09433962264150944
112	112	0.15294117647058825	0.08235294117647059	0.10588235294117647	0.09411764705882353	0.18823529411764706	0.08235294117647059	0.07058823529411765	0.07058823529411765	0.07058823529411765	0.08235294117647059
113	113	0.11538461538461539	0.09615384615384616	0.09615384615384616	0.09615384615384616	0.11538461538461539	0.09615384615384616	0.09615384615384616	0.09615384615384616	0.09615384615384616	0.09615384615384616
114	114	0.0875	0.075	0.075	0.175	0.125	0.0625	0.175	0.0625	0.0875	0.075
115	115	0.10047846889952153	0.03827751196172249	0.09569377990430622	0.10526315789473684	0.21052631578947367	0.03827751196172249	0.16267942583732056	0.0430622009569378	0.10047846889952153	0.10526315789473684
116	116	0.10843373493975904	0.07228915662650602	0.1927710843373494	0.07228915662650602	0.12048192771084337	0.07228915662650602	0.10843373493975904	0.08433734939759036	0.07228915662650602	0.0963855421686747
117	117	0.05263157894736842	0.06140350877192982	0.06140350877192982	0.08771929824561403	0.23684210526315788	0.10526315789473684	0.09649122807017543	0.06140350877192982	0.16666666666666666	0.07017543859649122
118	118	0.09433962264150944	0.09433962264150944	0.09433962264150944	0.09433962264150944	0.1320754716981132	0.09433962264150944	0.09433962264150944	0.09433962264150944	0.11320754716981132	0.09433962264150944
119	119	0.09259259259259259	0.09259259259259259	0.1111111111111111	0.1111111111111111	0.09259259259259259	0.1111111111111111	0.1111111111111111	0.09259259259259259	0.09259259259259259	0.09259259259259259
120	120	0.14285714285714285	0.09523809523809523	0.07936507936507936	0.07936507936507936	0.15873015873015872	0.07936507936507936	0.07936507936507936	0.09523809523809523	0.09523809523809523	0.09523809523809523
121	121	0.08064516129032258	0.08064516129032258	0.11290322580645161	0.0967741935483871	0.12903225806451613	0.14516129032258066	0.0967741935483871	0.08064516129032258	0.0967741935483871	0.08064516129032258
122	122	0.08695652173913043	0.08695652173913043	0.13043478260869565	0.14492753623188406	0.10144927536231885	0.07246376811594203	0.11594202898550725	0.08695652173913043	0.10144927536231885	0.07246376811594203
123	123	0.171875	0.125	0.078125	0.09375	0.109375	0.109375	0.078125	0.078125	0.078125	0.078125
124	124	0.10344827586206896	0.08620689655172414	0.08620689655172414	0.08620689655172414	0.13793103448275862	0.08620689655172414	0.10344827586206896	0.10344827586206896	0.1206896551724138	0.08620689655172414
125	125	0.09259259259259259	0.09259259259259259	0.09259259259259259	0.09259259259259259	0.16666666666666666	0.09259259259259259	0.09259259259259259	0.09259259259259259	0.09259259259259259	0.09259259259259259
126	126	0.08620689655172414	0.08620689655172414	0.08620689655172414	0.08620689655172414	0.10344827586206896	0.10344827586206896	0.15517241379310345	0.08620689655172414	0.10344827586206896	0.10344827586206896
127	127	0.058333333333333334	0.06666666666666667	0.08333333333333333	0.09166666666666666	0.14166666666666666	0.058333333333333334	0.225	0.06666666666666667	0.1	0.10833333333333334
128	128	0.09259259259259259	0.09259259259259259	0.09259259259259259	0.1111111111111111	0.09259259259259259	0.1111111111111111	0.09259259259259259	0.12962962962962962	0.09259259259259259	0.09259259259259259
129	129	0.125	0.08928571428571429	0.08928571428571429	0.125	0.08928571428571429	0.125	0.08928571428571429	0.08928571428571429	0.08928571428571429	0.08928571428571429
130	130	0.11594202898550725	0.10144927536231885	0.10144927536231885	0.08695652173913043	0.15942028985507245	0.10144927536231885	0.08695652173913043	0.10144927536231885	0.07246376811594203	0.07246376811594203
131	131	0.08163265306122448	0.07142857142857142	0.14285714285714285	0.11224489795918367	0.10204081632653061	0.09183673469387756	0.17346938775510204	0.05102040816326531	0.061224489795918366	0.11224489795918367
132	132	0.11666666666666667	0.08333333333333333	0.08333333333333333	0.11666666666666667	0.1	0.1	0.1	0.08333333333333333	0.1	0.11666666666666667
133	133	0.08860759493670886	0.06329113924050633	0.0759493670886076	0.06329113924050633	0.13924050632911392	0.11392405063291139	0.189873417721519	0.06329113924050633	0.08860759493670886	0.11392405063291139
134	134	0.09433962264150944	0.11320754716981132	0.09433962264150944	0.11320754716981132	0.11320754716981132	0.09433962264150944	0.09433962264150944	0.09433962264150944	0.09433962264150944	0.09433962264150944
135	135	0.09615384615384616	0.09615384615384616	0.09615384615384616	0.09615384615384616	0.09615384615384616	0.09615384615384616	0.09615384615384616	0.11538461538461539	0.11538461538461539	0.09615384615384616
136	136	0.09615384615384616	0.09615384615384616	0.09615384615384616	0.09615384615384616	0.09615384615384616	0.11538461538461539	0.09615384615384616	0.11538461538461539	0.09615384615384616	0.09615384615384616
137	137	0.0875	0.125	0.075	0.1125	0.2375	0.0625	0.0625	0.075	0.0625	0.1
138	138	0.10909090909090909	0.10909090909090909	0.09090909090909091	0.09090909090909091	0.09090909090909091	0.09090909090909091	0.09090909090909091	0.10909090909090909	0.12727272727272726	0.09090909090909091
139	139	0.1016949152542373	0.1016949152542373	0.0847457627118644	0.1016949152542373	0.1016949152542373	0.0847457627118644	0.1016949152542373	0.11864406779661017	0.0847457627118644	0.11864406779661017
140	140	0.08571428571428572	0.1	0.12857142857142856	0.14285714285714285	0.11428571428571428	0.08571428571428572	0.07142857142857142	0.1	0.07142857142857142	0.1
141	141	0.09259259259259259	0.09259259259259259	0.12962962962962962	0.09259259259259259	0.09259259259259259	0.12962962962962962	0.09259259259259259	0.09259259259259259	0.09259259259259259	0.09259259259259259
142	142	0.08536585365853659	0.08536585365853659	0.0975609756097561	0.08536585365853659	0.17073170731707318	0.0975609756097561	0.0975609756097561	0.08536585365853659	0.08536585365853659	0.10975609756097561
143	143	0.09615384615384616	0.09615384615384616	0.09615384615384616	0.09615384615384616	0.09615384615384616	0.09615384615384616	0.09615384615384616	0.11538461538461539	0.11538461538461539	0.09615384615384616
144	144	0.09259259259259259	0.09259259259259259	0.09259259259259259	0.09259259259259259	0.12962962962962962	0.09259259259259259	0.1111111111111111	0.1111111111111111	0.09259259259259259	0.09259259259259259
145	145	0.07575757575757576	0.09090909090909091	0.10606060606060606	0.12121212121212122	0.15151515151515152	0.07575757575757576	0.10606060606060606	0.09090909090909091	0.07575757575757576	0.10606060606060606
146	146	0.08620689655172414	0.08620689655172414	0.08620689655172414	0.10344827586206896	0.1206896551724138	0.08620689655172414	0.1206896551724138	0.08620689655172414	0.1206896551724138	0.10344827586206896
147	147	0.1111111111111111	0.08641975308641975	0.06172839506172839	0.1111111111111111	0.16049382716049382	0.09876543209876543	0.06172839506172839	0.09876543209876543	0.1111111111111111	0.09876543209876543
148	148	0.07692307692307693	0.07692307692307693	0.15384615384615385	0.07692307692307693	0.12307692307692308	0.09230769230769231	0.09230769230769231	0.1076923076923077	0.1076923076923077	0.09230769230769231
149	149	0.10526315789473684	0.10526315789473684	0.12280701754385964	0.10526315789473684	0.08771929824561403	0.08771929824561403	0.10526315789473684	0.08771929824561403	0.08771929824561403	0.10526315789473684
150	150	0.10144927536231885	0.08695652173913043	0.14492753623188406	0.13043478260869565	0.08695652173913043	0.07246376811594203	0.10144927536231885	0.07246376811594203	0.07246376811594203	0.13043478260869565
151	151	0.078125	0.09375	0.109375	0.09375	0.09375	0.078125	0.125	0.078125	0.171875	0.078125
152	152	0.1016949152542373	0.0847457627118644	0.0847457627118644	0.1016949152542373	0.11864406779661017	0.0847457627118644	0.1016949152542373	0.0847457627118644	0.11864406779661017	0.11864406779661017
153	153	0.07462686567164178	0.08955223880597014	0.11940298507462686	0.1044776119402985	0.13432835820895522	0.08955223880597014	0.08955223880597014	0.07462686567164178	0.08955223880597014	0.13432835820895522
154	154	0.11538461538461539	0.09615384615384616	0.11538461538461539	0.09615384615384616	0.09615384615384616	0.09615384615384616	0.09615384615384616	0.09615384615384616	0.09615384615384616	0.09615384615384616
155	155	0.08771929824561403	0.10526315789473684	0.08771929824561403	0.15789473684210525	0.08771929824561403	0.08771929824561403	0.08771929824561403	0.08771929824561403	0.10526315789473684	0.10526315789473684
156	156	0.09259259259259259	0.1111111111111111	0.09259259259259259	0.09259259259259259	0.12962962962962962	0.09259259259259259	0.09259259259259259	0.1111111111111111	0.09259259259259259	0.09259259259259259
157	157	0.1267605633802817	0.08450704225352113	0.08450704225352113	0.07042253521126761	0.18309859154929578	0.1267605633802817	0.09859154929577464	0.07042253521126761	0.07042253521126761	0.08450704225352113
158	158	0.10526315789473684	0.08771929824561403	0.12280701754385964	0.08771929824561403	0.12280701754385964	0.12280701754385964	0.08771929824561403	0.08771929824561403	0.08771929824561403	0.08771929824561403
159	159	0.10526315789473684	0.10526315789473684	0.08771929824561403	0.08771929824561403	0.14035087719298245	0.12280701754385964	0.08771929824561403	0.08771929824561403	0.08771929824561403	0.08771929824561403
160	160	0.11940298507462686	0.08955223880597014	0.07462686567164178	0.14925373134328357	0.13432835820895522	0.07462686567164178	0.07462686567164178	0.07462686567164178	0.1044776119402985	0.1044776119402985
161	161	0.09433962264150944	0.09433962264150944	0.09433962264150944	0.09433962264150944	0.11320754716981132	0.09433962264150944	0.09433962264150944	0.11320754716981132	0.09433962264150944	0.11320754716981132
162	162	0.09375	0.09375	0.09375	0.109375	0.09375	0.078125	0.078125	0.09375	0.125	0.140625
163	163	0.10909090909090909	0.09090909090909091	0.09090909090909091	0.10909090909090909	0.12727272727272726	0.10909090909090909	0.09090909090909091	0.09090909090909091	0.09090909090909091	0.09090909090909091
164	164	0.07608695652173914	0.08695652173913043	0.08695652173913043	0.13043478260869565	0.18478260869565216	0.05434782608695652	0.15217391304347827	0.05434782608695652	0.09782608695652174	0.07608695652173914
165	165	0.16101694915254236	0.06779661016949153	0.1271186440677966	0.11016949152542373	0.1440677966101695	0.06779661016949153	0.05084745762711865	0.05084745762711865	0.11016949152542373	0.11016949152542373
166	166	0.13114754098360656	0.09836065573770492	0.11475409836065574	0.08196721311475409	0.08196721311475409	0.09836065573770492	0.08196721311475409	0.09836065573770492	0.11475409836065574	0.09836065573770492
167	167	0.08771929824561403	0.14035087719298245	0.08771929824561403	0.10526315789473684	0.08771929824561403	0.10526315789473684	0.12280701754385964	0.08771929824561403	0.08771929824561403	0.08771929824561403
168	168	0.11475409836065574	0.08196721311475409	0.08196721311475409	0.14754098360655737	0.09836065573770492	0.08196721311475409	0.08196721311475409	0.08196721311475409	0.13114754098360656	0.09836065573770492
169	169	0.1111111111111111	0.09259259259259259	0.09259259259259259	0.09259259259259259	0.12962962962962962	0.09259259259259259	0.1111111111111111	0.09259259259259259	0.09259259259259259	0.09259259259259259
170	170	0.08771929824561403	0.08771929824561403	0.08771929824561403	0.08771929824561403	0.14035087719298245	0.14035087719298245	0.10526315789473684	0.08771929824561403	0.08771929824561403	0.08771929824561403
171	171	0.09375	0.125	0.078125	0.09375	0.1875	0.078125	0.109375	0.078125	0.078125	0.078125
172	172	0.08974358974358974	0.07692307692307693	0.11538461538461539	0.11538461538461539	0.1282051282051282	0.07692307692307693	0.11538461538461539	0.0641025641025641	0.07692307692307693	0.14102564102564102
173	173	0.09433962264150944	0.09433962264150944	0.09433962264150944	0.09433962264150944	0.11320754716981132	0.11320754716981132	0.09433962264150944	0.11320754716981132	0.09433962264150944	0.09433962264150944
174	174	0.08928571428571429	0.08928571428571429	0.08928571428571429	0.08928571428571429	0.125	0.08928571428571429	0.14285714285714285	0.08928571428571429	0.10714285714285714	0.08928571428571429
175	175	0.10909090909090909	0.10909090909090909	0.09090909090909091	0.09090909090909091	0.12727272727272726	0.09090909090909091	0.09090909090909091	0.09090909090909091	0.10909090909090909	0.09090909090909091
176	176	0.09433962264150944	0.11320754716981132	0.09433962264150944	0.09433962264150944	0.09433962264150944	0.11320754716981132	0.09433962264150944	0.11320754716981132	0.09433962264150944	0.09433962264150944
177	177	0.09433962264150944	0.09433962264150944	0.09433962264150944	0.09433962264150944	0.11320754716981132	0.11320754716981132	0.09433962264150944	0.11320754716981132	0.09433962264150944	0.09433962264150944
178	178	0.10344827586206896	0.1206896551724138	0.1206896551724138	0.08620689655172414	0.10344827586206896	0.08620689655172414	0.08620689655172414	0.08620689655172414	0.10344827586206896	0.10344827586206896
179	179	0.09090909090909091	0.09090909090909091	0.09090909090909091	0.09090909090909091	0.14545454545454545	0.09090909090909091	0.10909090909090909	0.09090909090909091	0.10909090909090909	0.09090909090909091
180	180	0.1282051282051282	0.11538461538461539	0.08974358974358974	0.07692307692307693	0.10256410256410256	0.15384615384615385	0.10256410256410256	0.0641025641025641	0.08974358974358974	0.07692307692307693
181	181	0.07339449541284404	0.05504587155963303	0.09174311926605505	0.1559633027522936	0.12844036697247707	0.06422018348623854	0.2018348623853211	0.05504587155963303	0.11009174311926606	0.06422018348623854
182	182	0.1746031746031746	0.1111111111111111	0.07936507936507936	0.07936507936507936	0.09523809523809523	0.09523809523809523	0.07936507936507936	0.1111111111111111	0.09523809523809523	0.07936507936507936
183	183	0.09259259259259259	0.09259259259259259	0.09259259259259259	0.09259259259259259	0.14814814814814814	0.1111111111111111	0.09259259259259259	0.09259259259259259	0.09259259259259259	0.09259259259259259
184	184	0.07462686567164178	0.07462686567164178	0.11940298507462686	0.08955223880597014	0.11940298507462686	0.1044776119402985	0.16417910447761194	0.08955223880597014	0.08955223880597014	0.07462686567164178
185	185	0.09375	0.078125	0.09375	0.09375	0.1875	0.09375	0.09375	0.078125	0.109375	0.078125
186	186	0.08771929824561403	0.08771929824561403	0.08771929824561403	0.08771929824561403	0.12280701754385964	0.12280701754385964	0.12280701754385964	0.08771929824561403	0.10526315789473684	0.08771929824561403
187	187	0.0967741935483871	0.11290322580645161	0.0967741935483871	0.12903225806451613	0.08064516129032258	0.12903225806451613	0.08064516129032258	0.0967741935483871	0.0967741935483871	0.08064516129032258
188	188	0.09090909090909091	0.09090909090909091	0.09090909090909091	0.09090909090909091	0.12727272727272726	0.10909090909090909	0.12727272727272726	0.09090909090909091	0.09090909090909091	0.09090909090909091
189	189	0.08333333333333333	0.1	0.08333333333333333	0.11666666666666667	0.13333333333333333	0.1	0.11666666666666667	0.08333333333333333	0.08333333333333333	0.1
190	190	0.10526315789473684	0.08771929824561403	0.10526315789473684	0.12280701754385964	0.10526315789473684	0.12280701754385964	0.08771929824561403	0.08771929824561403	0.08771929824561403	0.08771929824561403
191	191	0.09523809523809523	0.07936507936507936	0.07936507936507936	0.09523809523809523	0.1111111111111111	0.1111111111111111	0.12698412698412698	0.07936507936507936	0.12698412698412698	0.09523809523809523
192	192	0.09090909090909091	0.12727272727272726	0.09090909090909091	0.09090909090909091	0.12727272727272726	0.09090909090909091	0.10909090909090909	0.09090909090909091	0.09090909090909091	0.09090909090909091
193	193	0.09259259259259259	0.09259259259259259	0.1111111111111111	0.09259259259259259	0.1111111111111111	0.09259259259259259	0.12962962962962962	0.09259259259259259	0.09259259259259259	0.09259259259259259
194	194	0.1206896551724138	0.08620689655172414	0.08620689655172414	0.08620689655172414	0.13793103448275862	0.08620689655172414	0.08620689655172414	0.10344827586206896	0.1206896551724138	0.08620689655172414
195	195	0.11320754716981132	0.09433962264150944	0.09433962264150944	0.09433962264150944	0.1320754716981132	0.09433962264150944	0.09433962264150944	0.09433962264150944	0.09433962264150944	0.09433962264150944
196	196	0.09433962264150944	0.09433962264150944	0.11320754716981132	0.09433962264150944	0.11320754716981132	0.09433962264150944	0.11320754716981132	0.09433962264150944	0.09433962264150944	0.09433962264150944
197	197	0.11290322580645161	0.0967741935483871	0.0967741935483871	0.08064516129032258	0.0967741935483871	0.0967741935483871	0.1774193548387097	0.08064516129032258	0.08064516129032258	0.08064516129032258
198	198	0.125	0.078125	0.09375	0.078125	0.15625	0.109375	0.09375	0.078125	0.09375	0.09375
199	199	0.08620689655172414	0.10344827586206896	0.10344827586206896	0.10344827586206896	0.1724137931034483	0.08620689655172414	0.08620689655172414	0.08620689655172414	0.08620689655172414	0.08620689655172414
200	200	0.11764705882352941	0.07352941176470588	0.10294117647058823	0.08823529411764706	0.17647058823529413	0.10294117647058823	0.07352941176470588	0.08823529411764706	0.08823529411764706	0.08823529411764706
201	201	0.14285714285714285	0.1038961038961039	0.07792207792207792	0.09090909090909091	0.19480519480519481	0.09090909090909091	0.09090909090909091	0.06493506493506493	0.06493506493506493	0.07792207792207792
202	202	0.08620689655172414	0.08620689655172414	0.08620689655172414	0.08620689655172414	0.15517241379310345	0.1206896551724138	0.10344827586206896	0.08620689655172414	0.08620689655172414	0.10344827586206896
203	203	0.07936507936507936	0.07936507936507936	0.14285714285714285	0.1111111111111111	0.12698412698412698	0.1111111111111111	0.07936507936507936	0.07936507936507936	0.07936507936507936	0.1111111111111111
204	204	0.09259259259259259	0.1111111111111111	0.09259259259259259	0.1111111111111111	0.1111111111111111	0.09259259259259259	0.09259259259259259	0.1111111111111111	0.09259259259259259	0.09259259259259259
205	205	0.11267605633802817	0.11267605633802817	0.08450704225352113	0.09859154929577464	0.08450704225352113	0.08450704225352113	0.09859154929577464	0.08450704225352113	0.1267605633802817	0.11267605633802817
206	206	0.11666666666666667	0.1	0.1	0.08333333333333333	0.11666666666666667	0.08333333333333333	0.08333333333333333	0.1	0.11666666666666667	0.1
