0	0	0.20754716981132076	0.20754716981132076	0.18867924528301888	0.18867924528301888	0.20754716981132076
1	1	0.18518518518518517	0.18518518518518517	0.18518518518518517	0.2222222222222222	0.2222222222222222
2	2	0.21052631578947367	0.19298245614035087	0.17543859649122806	0.19298245614035087	0.22807017543859648
3	3	0.17543859649122806	0.19298245614035087	0.17543859649122806	0.17543859649122806	0.2807017543859649
4	4	0.18333333333333332	0.18333333333333332	0.18333333333333332	0.25	0.2
5	5	0.13953488372093023	0.1511627906976744	0.12790697674418605	0.27906976744186046	0.3023255813953488
6	6	0.13793103448275862	0.14942528735632185	0.22988505747126436	0.20689655172413793	0.27586206896551724
7	7	0.203125	0.21875	0.1875	0.171875	0.21875
8	8	0.14666666666666667	0.18666666666666668	0.13333333333333333	0.37333333333333335	0.16
9	9	0.19642857142857142	0.17857142857142858	0.19642857142857142	0.21428571428571427	0.21428571428571427
10	10	0.19672131147540983	0.16393442622950818	0.19672131147540983	0.18032786885245902	0.26229508196721313
11	11	0.18518518518518517	0.2037037037037037	0.18518518518518517	0.24074074074074073	0.18518518518518517
12	12	0.15625	0.1875	0.15625	0.21875	0.28125
13	13	0.22077922077922077	0.22077922077922077	0.14285714285714285	0.23376623376623376	0.18181818181818182
14	14	0.2	0.18181818181818182	0.18181818181818182	0.23636363636363636	0.2
15	15	0.2	0.16923076923076924	0.18461538461538463	0.16923076923076924	0.27692307692307694
16	16	0.1694915254237288	0.1864406779661017	0.1864406779661017	0.1694915254237288	0.288135593220339
17	17	0.21052631578947367	0.21052631578947367	0.17543859649122806	0.19298245614035087	0.21052631578947367
18	18	0.21428571428571427	0.23214285714285715	0.17857142857142858	0.19642857142857142	0.17857142857142858
19	19	0.18518518518518517	0.2222222222222222	0.2037037037037037	0.18518518518518517	0.2037037037037037
20	20	0.14705882352941177	0.14705882352941177	0.20588235294117646	0.25	0.25
21	21	0.18867924528301888	0.18867924528301888	0.18867924528301888	0.22641509433962265	0.20754716981132076
22	22	0.18032786885245902	0.19672131147540983	0.16393442622950818	0.2459016393442623	0.21311475409836064
23	23	0.15	0.125	0.1375	0.2875	0.3
24	24	0.18421052631578946	0.21052631578947367	0.17105263157894737	0.15789473684210525	0.27631578947368424
25	25	0.2037037037037037	0.18518518518518517	0.2037037037037037	0.18518518518518517	0.2222222222222222
26	26	0.17777777777777778	0.17777777777777778	0.2	0.24444444444444444	0.2
27	27	0.18333333333333332	0.18333333333333332	0.23333333333333334	0.2	0.2
28	28	0.1724137931034483	0.20689655172413793	0.1896551724137931	0.1724137931034483	0.25862068965517243
29	29	0.2	0.18333333333333332	0.21666666666666667	0.2	0.2
30	30	0.17543859649122806	0.21052631578947367	0.21052631578947367	0.17543859649122806	0.22807017543859648
31	31	0.23214285714285715	0.21428571428571427	0.17857142857142858	0.19642857142857142	0.17857142857142858
32	32	0.18032786885245902	0.19672131147540983	0.21311475409836064	0.16393442622950818	0.2459016393442623
33	33	0.13953488372093023	0.16279069767441862	0.22093023255813954	0.1744186046511628	0.3023255813953488
34	34	0.19047619047619047	0.20634920634920634	0.19047619047619047	0.1746031746031746	0.23809523809523808
35	35	0.17857142857142858	0.23214285714285715	0.21428571428571427	0.19642857142857142	0.17857142857142858
36	36	0.14102564102564102	0.15384615384615385	0.2948717948717949	0.21794871794871795	0.19230769230769232
37	37	0.14925373134328357	0.16417910447761194	0.19402985074626866	0.22388059701492538	0.26865671641791045
38	38	0.21153846153846154	0.21153846153846154	0.19230769230769232	0.19230769230769232	0.19230769230769232
39	39	0.17567567567567569	0.16216216216216217	0.13513513513513514	0.16216216216216217	0.36486486486486486
40	40	0.18333333333333332	0.2	0.18333333333333332	0.18333333333333332	0.25
41	41	0.18032786885245902	0.2459016393442623	0.18032786885245902	0.19672131147540983	0.19672131147540983
42	42	0.1791044776119403	0.22388059701492538	0.2835820895522388	0.14925373134328357	0.16417910447761194
43	43	0.24615384615384617	0.16923076923076924	0.18461538461538463	0.18461538461538463	0.2153846153846154
44	44	0.16176470588235295	0.17647058823529413	0.20588235294117646	0.20588235294117646	0.25
45	45	0.19230769230769232	0.19230769230769232	0.21153846153846154	0.19230769230769232	0.21153846153846154
46	46	0.21052631578947367	0.17543859649122806	0.21052631578947367	0.17543859649122806	0.22807017543859648
47	47	0.1791044776119403	0.14925373134328357	0.22388059701492538	0.2537313432835821	0.19402985074626866
48	48	0.171875	0.171875	0.21875	0.21875	0.21875
49	49	0.23076923076923078	0.19230769230769232	0.19230769230769232	0.19230769230769232	0.19230769230769232
50	50	0.1504424778761062	0.1504424778761062	0.168141592920354	0.22123893805309736	0.30973451327433627
51	51	0.18867924528301888	0.22641509433962265	0.18867924528301888	0.18867924528301888	0.20754716981132076
52	52	0.2037037037037037	0.18518518518518517	0.18518518518518517	0.2037037037037037	0.2222222222222222
53	53	0.1746031746031746	0.2698412698412698	0.1746031746031746	0.15873015873015872	0.2222222222222222
54	54	0.22857142857142856	0.15714285714285714	0.18571428571428572	0.15714285714285714	0.2714285714285714
55	55	0.2391304347826087	0.13043478260869565	0.25	0.18478260869565216	0.1956521739130435
56	56	0.20689655172413793	0.1724137931034483	0.1724137931034483	0.1896551724137931	0.25862068965517243
57	57	0.18032786885245902	0.18032786885245902	0.21311475409836064	0.26229508196721313	0.16393442622950818
58	58	0.24193548387096775	0.16129032258064516	0.16129032258064516	0.1935483870967742	0.24193548387096775
59	59	0.2	0.2	0.2	0.18181818181818182	0.21818181818181817
60	60	0.16666666666666666	0.16666666666666666	0.21212121212121213	0.24242424242424243	0.21212121212121213
61	61	0.171875	0.1875	0.171875	0.21875	0.25
62	62	0.1746031746031746	0.1746031746031746	0.2222222222222222	0.1746031746031746	0.25396825396825395
63	63	0.19230769230769232	0.21153846153846154	0.19230769230769232	0.21153846153846154	0.19230769230769232
64	64	0.18518518518518517	0.2222222222222222	0.18518518518518517	0.18518518518518517	0.2222222222222222
65	65	0.21428571428571427	0.14285714285714285	0.21428571428571427	0.21428571428571427	0.21428571428571427
66	66	0.2037037037037037	0.2037037037037037	0.18518518518518517	0.2222222222222222	0.18518518518518517
67	67	0.21153846153846154	0.19230769230769232	0.19230769230769232	0.21153846153846154	0.19230769230769232
68	68	0.19230769230769232	0.19230769230769232	0.21153846153846154	0.19230769230769232	0.21153846153846154
69	69	0.1864406779661017	0.2033898305084746	0.1864406779661017	0.1694915254237288	0.2542372881355932
70	70	0.21428571428571427	0.17142857142857143	0.18571428571428572	0.17142857142857143	0.2571428571428571
71	71	0.19230769230769232	0.19230769230769232	0.19230769230769232	0.19230769230769232	0.23076923076923078
72	72	0.14102564102564102	0.1282051282051282	0.24358974358974358	0.2692307692307692	0.21794871794871795
73	73	0.15625	0.171875	0.25	0.21875	0.203125
74	74	0.19230769230769232	0.19230769230769232	0.21153846153846154	0.21153846153846154	0.19230769230769232
75	75	0.23595505617977527	0.21348314606741572	0.1797752808988764	0.12359550561797752	0.24719101123595505
76	76	0.2222222222222222	0.18518518518518517	0.18518518518518517	0.2222222222222222	0.18518518518518517
77	77	0.19642857142857142	0.17857142857142858	0.17857142857142858	0.19642857142857142	0.25
78	78	0.22413793103448276	0.1896551724137931	0.1896551724137931	0.1724137931034483	0.22413793103448276
79	79	0.2037037037037037	0.2037037037037037	0.18518518518518517	0.2037037037037037	0.2037037037037037
80	80	0.1875	0.1875	0.25	0.171875	0.203125
81	81	0.21428571428571427	0.21428571428571427	0.17857142857142858	0.19642857142857142	0.19642857142857142
82	82	0.16666666666666666	0.16666666666666666	0.24242424242424243	0.16666666666666666	0.25757575757575757
83	83	0.2028985507246377	0.17391304347826086	0.14492753623188406	0.17391304347826086	0.30434782608695654
84	84	0.16393442622950818	0.16393442622950818	0.18032786885245902	0.19672131147540983	0.29508196721311475
85	85	0.2033898305084746	0.1864406779661017	0.1864406779661017	0.2033898305084746	0.22033898305084745
86	86	0.18181818181818182	0.18181818181818182	0.16666666666666666	0.18181818181818182	0.2878787878787879
87	87	0.19117647058823528	0.19117647058823528	0.2647058823529412	0.17647058823529413	0.17647058823529413
88	88	0.22826086956521738	0.18478260869565216	0.21739130434782608	0.15217391304347827	0.21739130434782608
89	89	0.171875	0.1875	0.203125	0.15625	0.28125
90	90	0.2	0.23636363636363636	0.18181818181818182	0.18181818181818182	0.2
91	91	0.24528301886792453	0.18867924528301888	0.18867924528301888	0.18867924528301888	0.18867924528301888
92	92	0.17647058823529413	0.1568627450980392	0.22549019607843138	0.13725490196078433	0.30392156862745096
93	93	0.2698412698412698	0.15873015873015872	0.15873015873015872	0.20634920634920634	0.20634920634920634
94	94	0.17543859649122806	0.21052631578947367	0.19298245614035087	0.19298245614035087	0.22807017543859648
95	95	0.2545454545454545	0.18181818181818182	0.18181818181818182	0.18181818181818182	0.2
96	96	0.16666666666666666	0.2	0.2	0.18333333333333332	0.25
97	97	0.14925373134328357	0.16417910447761194	0.31343283582089554	0.1791044776119403	0.19402985074626866
98	98	0.18181818181818182	0.2	0.21818181818181817	0.2	0.2
99	99	0.23333333333333334	0.16666666666666666	0.16666666666666666	0.18333333333333332	0.25
100	100	0.19672131147540983	0.19672131147540983	0.16393442622950818	0.22950819672131148	0.21311475409836064
101	101	0.18518518518518517	0.18518518518518517	0.2037037037037037	0.2222222222222222	0.2037037037037037
102	102	0.2037037037037037	0.18518518518518517	0.2037037037037037	0.2037037037037037	0.2037037037037037
103	103	0.21153846153846154	0.19230769230769232	0.19230769230769232	0.21153846153846154	0.19230769230769232
104	104	0.2153846153846154	0.18461538461538463	0.16923076923076924	0.2	0.23076923076923078
105	105	0.16666666666666666	0.16666666666666666	0.16666666666666666	0.23333333333333334	0.26666666666666666
106	106	0.17857142857142858	0.17857142857142858	0.23214285714285715	0.19642857142857142	0.21428571428571427
107	107	0.171875	0.1875	0.1875	0.203125	0.25
108	108	0.15503875968992248	0.13178294573643412	0.11627906976744186	0.2558139534883721	0.34108527131782945
109	109	0.22413793103448276	0.1724137931034483	0.1896551724137931	0.1724137931034483	0.2413793103448276
110	110	0.17073170731707318	0.13414634146341464	0.17073170731707318	0.2926829268292683	0.23170731707317074
111	111	0.18867924528301888	0.18867924528301888	0.20754716981132076	0.20754716981132076	0.20754716981132076
112	112	0.18823529411764706	0.16470588235294117	0.23529411764705882	0.17647058823529413	0.23529411764705882
113	113	0.21153846153846154	0.19230769230769232	0.19230769230769232	0.19230769230769232	0.21153846153846154
114	114	0.15	0.125	0.1875	0.325	0.2125
115	115	0.11004784688995216	0.0861244019138756	0.2583732057416268	0.22966507177033493	0.3157894736842105
116	116	0.18072289156626506	0.1686746987951807	0.24096385542168675	0.1686746987951807	0.24096385542168675
117	117	0.17543859649122806	0.12280701754385964	0.13157894736842105	0.24561403508771928	0.32456140350877194
118	118	0.18867924528301888	0.18867924528301888	0.18867924528301888	0.18867924528301888	0.24528301886792453
119	119	0.18518518518518517	0.2037037037037037	0.18518518518518517	0.2037037037037037	0.2222222222222222
120	120	0.20634920634920634	0.20634920634920634	0.15873015873015872	0.19047619047619047	0.23809523809523808
121	121	0.24193548387096775	0.1935483870967742	0.16129032258064516	0.1935483870967742	0.20967741935483872
122	122	0.15942028985507245	0.15942028985507245	0.2028985507246377	0.2753623188405797	0.2028985507246377
123	123	0.265625	0.203125	0.171875	0.15625	0.203125
124	124	0.1724137931034483	0.1724137931034483	0.20689655172413793	0.22413793103448276	0.22413793103448276
125	125	0.18518518518518517	0.18518518518518517	0.18518518518518517	0.18518518518518517	0.25925925925925924
126	126	0.1724137931034483	0.1724137931034483	0.1724137931034483	0.20689655172413793	0.27586206896551724
127	127	0.19166666666666668	0.1	0.24166666666666667	0.23333333333333334	0.23333333333333334
128	128	0.2037037037037037	0.2222222222222222	0.18518518518518517	0.2037037037037037	0.18518518518518517
129	129	0.23214285714285715	0.23214285714285715	0.17857142857142858	0.17857142857142858	0.17857142857142858
130	130	0.2318840579710145	0.21739130434782608	0.14492753623188406	0.17391304347826086	0.2318840579710145
131	131	0.14285714285714285	0.14285714285714285	0.25510204081632654	0.25510204081632654	0.20408163265306123
132	132	0.16666666666666666	0.2	0.23333333333333334	0.18333333333333332	0.21666666666666667
133	133	0.26582278481012656	0.1518987341772152	0.13924050632911392	0.1518987341772152	0.2911392405063291
134	134	0.18867924528301888	0.20754716981132076	0.18867924528301888	0.18867924528301888	0.22641509433962265
135	135	0.21153846153846154	0.19230769230769232	0.19230769230769232	0.21153846153846154	0.19230769230769232
136	136	0.21153846153846154	0.21153846153846154	0.19230769230769232	0.19230769230769232	0.19230769230769232
137	137	0.2125	0.1625	0.175	0.1375	0.3125
138	138	0.18181818181818182	0.2	0.18181818181818182	0.23636363636363636	0.2
139	139	0.22033898305084745	0.2033898305084746	0.22033898305084745	0.1694915254237288	0.1864406779661017
140	140	0.15714285714285714	0.17142857142857143	0.2571428571428571	0.2	0.21428571428571427
141	141	0.2222222222222222	0.2037037037037037	0.2037037037037037	0.18518518518518517	0.18518518518518517
142	142	0.13414634146341464	0.15853658536585366	0.21951219512195122	0.15853658536585366	0.32926829268292684
143	143	0.19230769230769232	0.21153846153846154	0.19230769230769232	0.21153846153846154	0.19230769230769232
144	144	0.18518518518518517	0.2037037037037037	0.18518518518518517	0.18518518518518517	0.24074074074074073
145	145	0.16666666666666666	0.18181818181818182	0.24242424242424243	0.16666666666666666	0.24242424242424243
146	146	0.1724137931034483	0.1724137931034483	0.20689655172413793	0.25862068965517243	0.1896551724137931
147	147	0.20987654320987653	0.1728395061728395	0.16049382716049382	0.24691358024691357	0.20987654320987653
148	148	0.16923076923076924	0.23076923076923078	0.16923076923076924	0.23076923076923078	0.2
149	149	0.21052631578947367	0.17543859649122806	0.22807017543859648	0.17543859649122806	0.21052631578947367
150	150	0.17391304347826086	0.14492753623188406	0.3188405797101449	0.15942028985507245	0.2028985507246377
151	151	0.15625	0.15625	0.171875	0.3125	0.203125
152	152	0.2033898305084746	0.1694915254237288	0.2033898305084746	0.22033898305084745	0.2033898305084746
153	153	0.14925373134328357	0.1791044776119403	0.29850746268656714	0.16417910447761194	0.208955223880597
154	154	0.21153846153846154	0.21153846153846154	0.19230769230769232	0.19230769230769232	0.19230769230769232
155	155	0.21052631578947367	0.17543859649122806	0.22807017543859648	0.21052631578947367	0.17543859649122806
156	156	0.2037037037037037	0.2037037037037037	0.2037037037037037	0.18518518518518517	0.2037037037037037
157	157	0.18309859154929578	0.2112676056338028	0.18309859154929578	0.18309859154929578	0.23943661971830985
158	158	0.22807017543859648	0.21052631578947367	0.19298245614035087	0.17543859649122806	0.19298245614035087
159	159	0.19298245614035087	0.21052631578947367	0.17543859649122806	0.17543859649122806	0.24561403508771928
160	160	0.19402985074626866	0.14925373134328357	0.19402985074626866	0.23880597014925373	0.22388059701492538
161	161	0.18867924528301888	0.20754716981132076	0.20754716981132076	0.18867924528301888	0.20754716981132076
162	162	0.171875	0.1875	0.25	0.21875	0.171875
163	163	0.18181818181818182	0.18181818181818182	0.21818181818181817	0.2	0.21818181818181817
164	164	0.16304347826086957	0.10869565217391304	0.16304347826086957	0.25	0.31521739130434784
165	165	0.2033898305084746	0.13559322033898305	0.19491525423728814	0.2033898305084746	0.2627118644067797
166	166	0.16393442622950818	0.18032786885245902	0.19672131147540983	0.21311475409836064	0.2459016393442623
167	167	0.22807017543859648	0.17543859649122806	0.17543859649122806	0.24561403508771928	0.17543859649122806
168	168	0.21311475409836064	0.16393442622950818	0.18032786885245902	0.2786885245901639	0.16393442622950818
169	169	0.18518518518518517	0.18518518518518517	0.2037037037037037	0.18518518518518517	0.24074074074074073
170	170	0.19298245614035087	0.22807017543859648	0.19298245614035087	0.17543859649122806	0.21052631578947367
171	171	0.203125	0.171875	0.171875	0.15625	0.296875
172	172	0.16666666666666666	0.14102564102564102	0.19230769230769232	0.24358974358974358	0.2564102564102564
173	173	0.20754716981132076	0.20754716981132076	0.18867924528301888	0.18867924528301888	0.20754716981132076
174	174	0.17857142857142858	0.17857142857142858	0.17857142857142858	0.23214285714285715	0.23214285714285715
175	175	0.18181818181818182	0.2	0.18181818181818182	0.23636363636363636	0.2
176	176	0.22641509433962265	0.20754716981132076	0.18867924528301888	0.18867924528301888	0.18867924528301888
177	177	0.18867924528301888	0.20754716981132076	0.18867924528301888	0.18867924528301888	0.22641509433962265
178	178	0.22413793103448276	0.1896551724137931	0.1896551724137931	0.1896551724137931	0.20689655172413793
179	179	0.18181818181818182	0.2	0.18181818181818182	0.18181818181818182	0.2545454545454545
180	180	0.23076923076923078	0.19230769230769232	0.14102564102564102	0.19230769230769232	0.24358974358974358
181	181	0.12844036697247707	0.14678899082568808	0.11926605504587157	0.28440366972477066	0.3211009174311927
182	182	0.19047619047619047	0.23809523809523808	0.1746031746031746	0.19047619047619047	0.20634920634920634
183	183	0.2037037037037037	0.18518518518518517	0.18518518518518517	0.18518518518518517	0.24074074074074073
184	184	0.16417910447761194	0.16417910447761194	0.23880597014925373	0.16417910447761194	0.26865671641791045
185	185	0.171875	0.15625	0.1875	0.1875	0.296875
186	186	0.19298245614035087	0.22807017543859648	0.17543859649122806	0.17543859649122806	0.22807017543859648
187	187	0.24193548387096775	0.20967741935483872	0.1935483870967742	0.1935483870967742	0.16129032258064516
188	188	0.18181818181818182	0.2	0.18181818181818182	0.18181818181818182	0.2545454545454545
189	189	0.2	0.16666666666666666	0.18333333333333332	0.18333333333333332	0.26666666666666666
190	190	0.24561403508771928	0.17543859649122806	0.17543859649122806	0.21052631578947367	0.19298245614035087
191	191	0.19047619047619047	0.20634920634920634	0.20634920634920634	0.19047619047619047	0.20634920634920634
192	192	0.21818181818181817	0.18181818181818182	0.18181818181818182	0.18181818181818182	0.23636363636363636
193	193	0.2037037037037037	0.2037037037037037	0.18518518518518517	0.18518518518518517	0.2222222222222222
194	194	0.1896551724137931	0.1896551724137931	0.22413793103448276	0.20689655172413793	0.1896551724137931
195	195	0.18867924528301888	0.20754716981132076	0.20754716981132076	0.18867924528301888	0.20754716981132076
196	196	0.18867924528301888	0.20754716981132076	0.18867924528301888	0.18867924528301888	0.22641509433962265
197	197	0.20967741935483872	0.1774193548387097	0.16129032258064516	0.1774193548387097	0.27419354838709675
198	198	0.1875	0.171875	0.203125	0.171875	0.265625
199	199	0.22413793103448276	0.20689655172413793	0.1724137931034483	0.1724137931034483	0.22413793103448276
200	200	0.19117647058823528	0.16176470588235295	0.19117647058823528	0.17647058823529413	0.27941176470588236
201	201	0.22077922077922077	0.15584415584415584	0.19480519480519481	0.14285714285714285	0.2857142857142857
202	202	0.22413793103448276	0.1724137931034483	0.1896551724137931	0.1724137931034483	0.2413793103448276
203	203	0.1746031746031746	0.15873015873015872	0.25396825396825395	0.1746031746031746	0.23809523809523808
204	204	0.2037037037037037	0.2037037037037037	0.2037037037037037	0.18518518518518517	0.2037037037037037
205	205	0.19718309859154928	0.15492957746478872	0.19718309859154928	0.2535211267605634	0.19718309859154928
206	206	0.21666666666666667	0.18333333333333332	0.2	0.2	0.2
207	207	0.21052631578947367	0.19298245614035087	0.19298245614035087	0.19298245614035087	0.21052631578947367
208	208	0.17721518987341772	0.16455696202531644	0.16455696202531644	0.1518987341772152	0.34177215189873417
209	209	0.19642857142857142	0.17857142857142858	0.21428571428571427	0.23214285714285715	0.17857142857142858
210	210	0.18181818181818182	0.1717171717171717	0.1919191919191919	0.1414141414141414	0.31313131313131315
211	211	0.18518518518518517	0.18518518518518517	0.2222222222222222	0.18518518518518517	0.2222222222222222
212	212	0.16666666666666666	0.14583333333333334	0.28125	0.13541666666666666	0.2708333333333333
213	213	0.15714285714285714	0.24285714285714285	0.14285714285714285	0.15714285714285714	0.3
214	214	0.17543859649122806	0.19298245614035087	0.24561403508771928	0.17543859649122806	0.21052631578947367
215	215	0.21311475409836064	0.16393442622950818	0.16393442622950818	0.18032786885245902	0.2786885245901639
216	216	0.21428571428571427	0.17857142857142858	0.21428571428571427	0.17857142857142858	0.21428571428571427
217	217	0.1927710843373494	0.14457831325301204	0.1686746987951807	0.1566265060240964	0.3373493975903614
218	218	0.18518518518518517	0.18518518518518517	0.18518518518518517	0.18518518518518517	0.25925925925925924
219	219	0.23076923076923078	0.15384615384615385	0.2153846153846154	0.2153846153846154	0.18461538461538463
220	220	0.21153846153846154	0.19230769230769232	0.19230769230769232	0.21153846153846154	0.19230769230769232
221	221	0.19230769230769232	0.19230769230769232	0.21153846153846154	0.19230769230769232	0.21153846153846154
222	222	0.2037037037037037	0.2037037037037037	0.18518518518518517	0.18518518518518517	0.2222222222222222
223	223	0.16129032258064516	0.1774193548387097	0.22580645161290322	0.20967741935483872	0.22580645161290322
224	224	0.2037037037037037	0.18518518518518517	0.2037037037037037	0.18518518518518517	0.2222222222222222
225	225	0.1935483870967742	0.22580645161290322	0.1774193548387097	0.22580645161290322	0.1774193548387097
226	226	0.17647058823529413	0.14705882352941177	0.20588235294117646	0.23529411764705882	0.23529411764705882
227	227	0.1935483870967742	0.16129032258064516	0.20967741935483872	0.1774193548387097	0.25806451612903225
228	228	0.1875	0.203125	0.203125	0.1875	0.21875
229	229	0.16129032258064516	0.1935483870967742	0.1935483870967742	0.27419354838709675	0.1774193548387097
230	230	0.15625	0.171875	0.15625	0.234375	0.28125
231	231	0.1134020618556701	0.18556701030927836	0.15463917525773196	0.17525773195876287	0.3711340206185567
232	232	0.11347517730496454	0.10638297872340426	0.19148936170212766	0.2553191489361702	0.3333333333333333
233	233	0.14666666666666667	0.17333333333333334	0.21333333333333335	0.22666666666666666	0.24
234	234	0.1724137931034483	0.1896551724137931	0.1724137931034483	0.1724137931034483	0.29310344827586204
235	235	0.18181818181818182	0.2	0.18181818181818182	0.21818181818181817	0.21818181818181817
236	236	0.24074074074074073	0.2037037037037037	0.18518518518518517	0.18518518518518517	0.18518518518518517
237	237	0.22807017543859648	0.21052631578947367	0.19298245614035087	0.17543859649122806	0.19298245614035087
238	238	0.24074074074074073	0.2037037037037037	0.18518518518518517	0.18518518518518517	0.18518518518518517
239	239	0.18867924528301888	0.18867924528301888	0.20754716981132076	0.22641509433962265	0.18867924528301888
240	240	0.20689655172413793	0.1724137931034483	0.1896551724137931	0.1724137931034483	0.25862068965517243
241	241	0.20754716981132076	0.18867924528301888	0.18867924528301888	0.18867924528301888	0.22641509433962265
242	242	0.16417910447761194	0.19402985074626866	0.23880597014925373	0.19402985074626866	0.208955223880597
243	243	0.1744186046511628	0.13953488372093023	0.1511627906976744	0.1511627906976744	0.38372093023255816
244	244	0.2033898305084746	0.2033898305084746	0.1694915254237288	0.2033898305084746	0.22033898305084745
245	245	0.2028985507246377	0.2028985507246377	0.18840579710144928	0.18840579710144928	0.21739130434782608
246	246	0.21818181818181817	0.2	0.18181818181818182	0.2	0.2
247	247	0.17857142857142858	0.19642857142857142	0.21428571428571427	0.19642857142857142	0.21428571428571427
248	248	0.19642857142857142	0.23214285714285715	0.19642857142857142	0.17857142857142858	0.19642857142857142
249	249	0.18867924528301888	0.18867924528301888	0.20754716981132076	0.18867924528301888	0.22641509433962265
250	250	0.18181818181818182	0.18181818181818182	0.2	0.21818181818181817	0.21818181818181817
251	251	0.203125	0.21875	0.171875	0.203125	0.203125
252	252	0.18181818181818182	0.18181818181818182	0.23636363636363636	0.21818181818181817	0.18181818181818182
253	253	0.203125	0.171875	0.1875	0.171875	0.265625
254	254	0.1694915254237288	0.1864406779661017	0.22033898305084745	0.1864406779661017	0.23728813559322035
255	255	0.2463768115942029	0.18840579710144928	0.17391304347826086	0.17391304347826086	0.21739130434782608
256	256	0.21875	0.1875	0.171875	0.1875	0.234375
257	257	0.18867924528301888	0.20754716981132076	0.18867924528301888	0.18867924528301888	0.22641509433962265
258	258	0.1368421052631579	0.11578947368421053	0.16842105263157894	0.22105263157894736	0.35789473684210527
259	259	0.16666666666666666	0.2	0.16666666666666666	0.16666666666666666	0.3
260	260	0.1958762886597938	0.15463917525773196	0.29896907216494845	0.14432989690721648	0.20618556701030927
261	261	0.203125	0.171875	0.15625	0.234375	0.234375
262	262	0.1694915254237288	0.2033898305084746	0.2033898305084746	0.1864406779661017	0.23728813559322035
263	263	0.1917808219178082	0.1780821917808219	0.1780821917808219	0.1506849315068493	0.3013698630136986
264	264	0.25862068965517243	0.1896551724137931	0.1724137931034483	0.1724137931034483	0.20689655172413793
265	265	0.18867924528301888	0.22641509433962265	0.18867924528301888	0.20754716981132076	0.18867924528301888
266	266	0.18181818181818182	0.18181818181818182	0.18181818181818182	0.24242424242424243	0.21212121212121213
267	267	0.17857142857142858	0.19642857142857142	0.19642857142857142	0.21428571428571427	0.21428571428571427
268	268	0.18518518518518517	0.18518518518518517	0.2037037037037037	0.18518518518518517	0.24074074074074073
269	269	0.15625	0.15625	0.1875	0.234375	0.265625
270	270	0.17543859649122806	0.17543859649122806	0.17543859649122806	0.19298245614035087	0.2807017543859649
271	271	0.1724137931034483	0.1724137931034483	0.1896551724137931	0.1724137931034483	0.29310344827586204
272	272	0.19230769230769232	0.19230769230769232	0.21153846153846154	0.19230769230769232	0.21153846153846154
273	273	0.20754716981132076	0.20754716981132076	0.18867924528301888	0.18867924528301888	0.20754716981132076
274	274	0.1694915254237288	0.1864406779661017	0.1694915254237288	0.22033898305084745	0.2542372881355932
275	275	0.16901408450704225	0.15492957746478872	0.16901408450704225	0.22535211267605634	0.28169014084507044
276	276	0.21052631578947367	0.21052631578947367	0.21052631578947367	0.17543859649122806	0.19298245614035087
277	277	0.18518518518518517	0.2222222222222222	0.18518518518518517	0.18518518518518517	0.2222222222222222
278	278	0.18181818181818182	0.18181818181818182	0.18181818181818182	0.18181818181818182	0.2727272727272727
279	279	0.2	0.2	0.21818181818181817	0.18181818181818182	0.2
280	280	0.21818181818181817	0.2	0.2	0.18181818181818182	0.2
281	281	0.2037037037037037	0.2037037037037037	0.18518518518518517	0.2037037037037037	0.2037037037037037
282	282	0.21311475409836064	0.18032786885245902	0.21311475409836064	0.19672131147540983	0.19672131147540983
283	283	0.1896551724137931	0.1896551724137931	0.1724137931034483	0.2413793103448276	0.20689655172413793
284	284	0.17543859649122806	0.21052631578947367	0.19298245614035087	0.17543859649122806	0.24561403508771928
285	285	0.19672131147540983	0.19672131147540983	0.19672131147540983	0.21311475409836064	0.19672131147540983
286	286	0.22058823529411764	0.25	0.17647058823529413	0.14705882352941177	0.20588235294117646
287	287	0.13513513513513514	0.1891891891891892	0.16216216216216217	0.17117117117117117	0.34234234234234234
288	288	0.17857142857142858	0.17857142857142858	0.21428571428571427	0.17857142857142858	0.25
289	289	0.23214285714285715	0.17857142857142858	0.19642857142857142	0.17857142857142858	0.21428571428571427
290	290	0.18181818181818182	0.18181818181818182	0.18181818181818182	0.2727272727272727	0.18181818181818182
291	291	0.2037037037037037	0.2222222222222222	0.18518518518518517	0.18518518518518517	0.2037037037037037
292	292	0.2222222222222222	0.1746031746031746	0.20634920634920634	0.15873015873015872	0.23809523809523808
293	293	0.20512820512820512	0.1794871794871795	0.21794871794871795	0.16666666666666666	0.23076923076923078
294	294	0.25806451612903225	0.16129032258064516	0.1774193548387097	0.1774193548387097	0.22580645161290322
295	295	0.21428571428571427	0.21428571428571427	0.19642857142857142	0.17857142857142858	0.19642857142857142
296	296	0.1694915254237288	0.23728813559322035	0.1694915254237288	0.1694915254237288	0.2542372881355932
297	297	0.2727272727272727	0.18181818181818182	0.18181818181818182	0.18181818181818182	0.18181818181818182
298	298	0.1875	0.1875	0.1875	0.21875	0.21875
299	299	0.19230769230769232	0.21153846153846154	0.21153846153846154	0.19230769230769232	0.19230769230769232
300	300	0.2	0.23636363636363636	0.18181818181818182	0.18181818181818182	0.2
301	301	0.21333333333333335	0.24	0.17333333333333334	0.17333333333333334	0.2
302	302	0.18333333333333332	0.23333333333333334	0.16666666666666666	0.21666666666666667	0.2
303	303	0.18518518518518517	0.18518518518518517	0.18518518518518517	0.18518518518518517	0.25925925925925924
304	304	0.19230769230769232	0.19230769230769232	0.21153846153846154	0.19230769230769232	0.21153846153846154
305	305	0.2037037037037037	0.18518518518518517	0.18518518518518517	0.2222222222222222	0.2037037037037037
306	306	0.20689655172413793	0.22413793103448276	0.20689655172413793	0.1724137931034483	0.1896551724137931
307	307	0.15517241379310345	0.12931034482758622	0.3275862068965517	0.19827586206896552	0.1896551724137931
308	308	0.15789473684210525	0.16842105263157894	0.16842105263157894	0.28421052631578947	0.22105263157894736
309	309	0.18518518518518517	0.18518518518518517	0.18518518518518517	0.18518518518518517	0.25925925925925924
310	310	0.10344827586206896	0.14482758620689656	0.11724137931034483	0.2	0.43448275862068964
311	311	0.21794871794871795	0.14102564102564102	0.1794871794871795	0.20512820512820512	0.2564102564102564
312	312	0.21052631578947367	0.17543859649122806	0.17543859649122806	0.24561403508771928	0.19298245614035087
313	313	0.15151515151515152	0.21212121212121213	0.16666666666666666	0.21212121212121213	0.25757575757575757
314	314	0.21052631578947367	0.14473684210526316	0.13157894736842105	0.2236842105263158	0.2894736842105263
315	315	0.23008849557522124	0.17699115044247787	0.1415929203539823	0.17699115044247787	0.2743362831858407
316	316	0.2037037037037037	0.2037037037037037	0.2037037037037037	0.18518518518518517	0.2037037037037037
317	317	0.2222222222222222	0.2037037037037037	0.18518518518518517	0.18518518518518517	0.2037037037037037
318	318	0.20634920634920634	0.20634920634920634	0.1746031746031746	0.1746031746031746	0.23809523809523808
319	319	0.21666666666666667	0.18333333333333332	0.2	0.18333333333333332	0.21666666666666667
320	320	0.2	0.2	0.18181818181818182	0.21818181818181817	0.2
321	321	0.21875	0.125	0.13541666666666666	0.28125	0.23958333333333334
322	322	0.17543859649122806	0.21052631578947367	0.17543859649122806	0.21052631578947367	0.22807017543859648
323	323	0.09937888198757763	0.06832298136645963	0.18012422360248448	0.36645962732919257	0.2857142857142857
324	324	0.17567567567567569	0.13513513513513514	0.21621621621621623	0.2702702702702703	0.20270270270270271
325	325	0.1774193548387097	0.1774193548387097	0.1774193548387097	0.20967741935483872	0.25806451612903225
326	326	0.17142857142857143	0.17142857142857143	0.17142857142857143	0.2571428571428571	0.22857142857142856
327	327	0.19298245614035087	0.19298245614035087	0.17543859649122806	0.21052631578947367	0.22807017543859648
328	328	0.14893617021276595	0.1276595744680851	0.1595744680851064	0.3404255319148936	0.22340425531914893
329	329	0.31640625	0.08203125	0.171875	0.171875	0.2578125
330	330	0.171875	0.1875	0.234375	0.203125	0.203125
331	331	0.20270270270270271	0.17567567567567569	0.17567567567567569	0.25675675675675674	0.1891891891891892
332	332	0.2577777777777778	0.1288888888888889	0.08888888888888889	0.19555555555555557	0.3288888888888889
333	333	0.2033898305084746	0.2033898305084746	0.23728813559322035	0.1694915254237288	0.1864406779661017
334	334	0.21153846153846154	0.19230769230769232	0.19230769230769232	0.19230769230769232	0.21153846153846154
335	335	0.1791044776119403	0.1791044776119403	0.1791044776119403	0.1791044776119403	0.2835820895522388
336	336	0.3181818181818182	0.15151515151515152	0.18181818181818182	0.15151515151515152	0.19696969696969696
337	337	0.171875	0.1875	0.203125	0.1875	0.25
338	338	0.2222222222222222	0.18518518518518517	0.18518518518518517	0.18518518518518517	0.2222222222222222
339	339	0.1875	0.171875	0.171875	0.265625	0.203125
340	340	0.2698412698412698	0.19047619047619047	0.1746031746031746	0.1746031746031746	0.19047619047619047
341	341	0.21428571428571427	0.17857142857142858	0.19642857142857142	0.17857142857142858	0.23214285714285715
342	342	0.1896551724137931	0.1724137931034483	0.1896551724137931	0.20689655172413793	0.2413793103448276
343	343	0.17142857142857143	0.17142857142857143	0.15714285714285714	0.15714285714285714	0.34285714285714286
344	344	0.20754716981132076	0.18867924528301888	0.18867924528301888	0.18867924528301888	0.22641509433962265
345	345	0.22950819672131148	0.16393442622950818	0.21311475409836064	0.19672131147540983	0.19672131147540983
346	346	0.22807017543859648	0.10526315789473684	0.17543859649122806	0.18421052631578946	0.30701754385964913
347	347	0.21428571428571427	0.15714285714285714	0.17142857142857143	0.14285714285714285	0.3142857142857143
348	348	0.19117647058823528	0.20588235294117646	0.17647058823529413	0.23529411764705882	0.19117647058823528
349	349	0.15625	0.203125	0.171875	0.21875	0.25
350	350	0.2222222222222222	0.19047619047619047	0.15873015873015872	0.1746031746031746	0.25396825396825395
351	351	0.22580645161290322	0.16129032258064516	0.1935483870967742	0.1935483870967742	0.22580645161290322
352	352	0.20754716981132076	0.18867924528301888	0.18867924528301888	0.18867924528301888	0.22641509433962265
353	353	0.22535211267605634	0.15492957746478872	0.2535211267605634	0.19718309859154928	0.16901408450704225
354	354	0.18032786885245902	0.16393442622950818	0.21311475409836064	0.16393442622950818	0.2786885245901639
355	355	0.19230769230769232	0.21153846153846154	0.19230769230769232	0.21153846153846154	0.19230769230769232
356	356	0.16923076923076924	0.23076923076923078	0.2153846153846154	0.2	0.18461538461538463
357	357	0.25301204819277107	0.12048192771084337	0.2289156626506024	0.1566265060240964	0.24096385542168675
358	358	0.21052631578947367	0.21052631578947367	0.17543859649122806	0.21052631578947367	0.19298245614035087
359	359	0.35555555555555557	0.17777777777777778	0.16666666666666666	0.14444444444444443	0.15555555555555556
360	360	0.19696969696969696	0.22727272727272727	0.19696969696969696	0.21212121212121213	0.16666666666666666
361	361	0.18867924528301888	0.24528301886792453	0.18867924528301888	0.18867924528301888	0.18867924528301888
362	362	0.3076923076923077	0.18461538461538463	0.15384615384615385	0.16923076923076924	0.18461538461538463
363	363	0.27692307692307694	0.18461538461538463	0.18461538461538463	0.18461538461538463	0.16923076923076924
364	364	0.18518518518518517	0.24074074074074073	0.18518518518518517	0.18518518518518517	0.2037037037037037
365	365	0.1896551724137931	0.1724137931034483	0.1724137931034483	0.22413793103448276	0.2413793103448276
366	366	0.12371134020618557	0.13402061855670103	0.1958762886597938	0.17525773195876287	0.3711340206185567
367	367	0.21818181818181817	0.18181818181818182	0.2	0.2	0.2
368	368	0.16666666666666666	0.15151515151515152	0.19696969696969696	0.18181818181818182	0.30303030303030304
369	369	0.17857142857142858	0.19642857142857142	0.17857142857142858	0.19642857142857142	0.25
370	370	0.18181818181818182	0.18181818181818182	0.2	0.21818181818181817	0.21818181818181817
371	371	0.20754716981132076	0.20754716981132076	0.18867924528301888	0.20754716981132076	0.18867924528301888
372	372	0.22807017543859648	0.19298245614035087	0.17543859649122806	0.17543859649122806	0.22807017543859648
373	373	0.19230769230769232	0.19230769230769232	0.19230769230769232	0.19230769230769232	0.23076923076923078
374	374	0.1951219512195122	0.13414634146341464	0.2073170731707317	0.24390243902439024	0.21951219512195122
375	375	0.2	0.2	0.2	0.2	0.2
376	376	0.1864406779661017	0.1864406779661017	0.1864406779661017	0.1694915254237288	0.2711864406779661
377	377	0.20270270270270271	0.21621621621621623	0.16216216216216217	0.20270270270270271	0.21621621621621623
378	378	0.19298245614035087	0.19298245614035087	0.17543859649122806	0.21052631578947367	0.22807017543859648
379	379	0.23214285714285715	0.19642857142857142	0.17857142857142858	0.19642857142857142	0.19642857142857142
380	380	0.14102564102564102	0.19230769230769232	0.16666666666666666	0.2948717948717949	0.20512820512820512
381	381	0.17857142857142858	0.19642857142857142	0.21428571428571427	0.23214285714285715	0.17857142857142858
382	382	0.16923076923076924	0.15384615384615385	0.15384615384615385	0.27692307692307694	0.24615384615384617
383	383	0.1724137931034483	0.1896551724137931	0.2413793103448276	0.1724137931034483	0.22413793103448276
384	384	0.22641509433962265	0.20754716981132076	0.18867924528301888	0.18867924528301888	0.18867924528301888
385	385	0.22727272727272727	0.15151515151515152	0.19696969696969696	0.15151515151515152	0.2727272727272727
386	386	0.23376623376623376	0.22077922077922077	0.14285714285714285	0.19480519480519481	0.2077922077922078
387	387	0.1935483870967742	0.16129032258064516	0.1935483870967742	0.20967741935483872	0.24193548387096775
388	388	0.2	0.2	0.2	0.21666666666666667	0.18333333333333332
389	389	0.30666666666666664	0.18666666666666668	0.17333333333333334	0.13333333333333333	0.2
390	390	0.21428571428571427	0.19642857142857142	0.17857142857142858	0.17857142857142858	0.23214285714285715
391	391	0.17045454545454544	0.18181818181818182	0.13636363636363635	0.26136363636363635	0.25
392	392	0.22535211267605634	0.19718309859154928	0.16901408450704225	0.16901408450704225	0.23943661971830985
393	393	0.15384615384615385	0.2	0.18461538461538463	0.16923076923076924	0.2923076923076923
394	394	0.2153846153846154	0.16923076923076924	0.2	0.15384615384615385	0.26153846153846155
395	395	0.17105263157894737	0.15789473684210525	0.13157894736842105	0.25	0.2894736842105263
396	396	0.1864406779661017	0.1864406779661017	0.2033898305084746	0.23728813559322035	0.1864406779661017
397	397	0.17543859649122806	0.22807017543859648	0.17543859649122806	0.19298245614035087	0.22807017543859648
398	398	0.18333333333333332	0.18333333333333332	0.16666666666666666	0.25	0.21666666666666667
399	399	0.1864406779661017	0.1864406779661017	0.2033898305084746	0.2033898305084746	0.22033898305084745
400	400	0.20754716981132076	0.18867924528301888	0.20754716981132076	0.20754716981132076	0.18867924528301888
401	401	0.18518518518518517	0.2222222222222222	0.2037037037037037	0.18518518518518517	0.2037037037037037
402	402	0.15714285714285714	0.21428571428571427	0.21428571428571427	0.15714285714285714	0.2571428571428571
