#doc name topic proportion ...
0	0	0.30864197530864185	0.3827160493827159	0.30864197530864185
1	1	0.3271604938271604	0.3641975308641974	0.30864197530864185
2	2	0.31313131313131315	0.43434343434343436	0.25252525252525254
3	3	0.3456790123456789	0.30864197530864185	0.3456790123456789
4	4	0.33950617283950607	0.3271604938271604	0.3333333333333332
5	5	0.35119047619047605	0.3333333333333332	0.31547619047619035
6	6	0.4158730158730159	0.29523809523809524	0.28888888888888886
7	7	0.3205128205128204	0.3568376068376067	0.32264957264957256
8	8	0.4739803094233476	0.30239099859353025	0.2236286919831224
9	9	0.3690476190476189	0.31547619047619035	0.31547619047619035
10	10	0.31547619047619035	0.3333333333333332	0.35119047619047605
11	11	0.40476190476190455	0.2976190476190475	0.2976190476190475
12	12	0.38164251207729466	0.2834138486312399	0.3349436392914653
13	13	0.4126984126984127	0.2984126984126984	0.28888888888888886
14	14	0.31794871794871793	0.42222222222222217	0.25982905982905985
15	15	0.3759259259259258	0.32962962962962955	0.2944444444444444
16	16	0.3456790123456789	0.3271604938271604	0.3271604938271604
17	17	0.33333333333333326	0.39784946236559127	0.2688172043010752
18	18	0.4084967320261437	0.31862745098039214	0.272875816993464
19	19	0.37106918238993697	0.3144654088050313	0.3144654088050313
20	20	0.35353535353535337	0.34343434343434326	0.30303030303030287
21	21	0.4669479606188469	0.2475386779184248	0.28551336146272854
22	22	0.35317460317460303	0.3432539682539681	0.30357142857142844
23	23	0.4095238095238095	0.28095238095238095	0.3095238095238095
24	24	0.4061302681992335	0.30459770114942514	0.2892720306513409
25	25	0.3869047619047617	0.31547619047619035	0.2976190476190475
26	26	0.3180076628352489	0.30268199233716464	0.37931034482758597
27	27	0.434640522875817	0.2761437908496732	0.28921568627450983
28	28	0.3515151515151514	0.3030303030303029	0.34545454545454535
29	29	0.3737373737373737	0.34006734006734	0.28619528619528617
30	30	0.3690476190476189	0.31547619047619035	0.31547619047619035
31	31	0.3390804597701148	0.3352490421455937	0.32567049808429105
32	32	0.41666666666666663	0.2760416666666667	0.3072916666666667
33	33	0.3212121212121211	0.3212121212121211	0.35757575757575744
34	34	0.3403880070546736	0.36331569664902985	0.2962962962962962
35	35	0.45338441890166054	0.22860791826309074	0.3180076628352491
36	36	0.3390804597701148	0.32183908045977	0.3390804597701148
37	37	0.40801457194899804	0.3060109289617486	0.28597449908925315
38	38	0.2923976608187133	0.32748538011695894	0.38011695906432724
39	39	0.34700854700854694	0.3111111111111111	0.34188034188034183
40	40	0.37710437710437705	0.34006734006734	0.2828282828282828
41	41	0.4279835390946504	0.27709190672153633	0.29492455418381347
42	42	0.319191919191919	0.3595959595959594	0.32121212121212106
43	43	0.3641975308641974	0.3271604938271604	0.30864197530864185
44	44	0.3121693121693121	0.32804232804232797	0.35978835978835966
45	45	0.31862745098039214	0.3774509803921568	0.30392156862745096
46	46	0.28961748633879775	0.4116575591985427	0.29872495446265934
47	47	0.3079922027290447	0.39961013645224147	0.2923976608187133
48	48	0.3271604938271604	0.3641975308641974	0.30864197530864185
49	49	0.3641975308641974	0.3271604938271604	0.30864197530864185
50	50	0.37575757575757557	0.30303030303030287	0.32121212121212106
51	51	0.31924882629107976	0.3896713615023474	0.29107981220657275
52	52	0.3793103448275864	0.26564495530012777	0.3550446998722862
53	53	0.3333333333333332	0.34381551362683427	0.3228511530398322
54	54	0.38251366120218566	0.326047358834244	0.29143897996357004
55	55	0.3869047619047617	0.31547619047619035	0.2976190476190475
56	56	0.3333333333333332	0.2824858757062146	0.38418079096045177
57	57	0.2370653095843936	0.6424936386768448	0.12044105173876166
58	58	0.440740740740741	0.3135802469135803	0.24567901234567904
59	59	0.3584905660377357	0.3144654088050313	0.3270440251572326
60	60	0.34502923976608174	0.34502923976608174	0.30994152046783613
61	61	0.30994152046783613	0.3157894736842104	0.37426900584795303
62	62	0.4566544566544569	0.23809523809523814	0.3052503052503053
63	63	0.2802653399668325	0.36815920398009944	0.35157545605306795
64	64	0.28368794326241137	0.5118203309692674	0.20449172576832156
65	65	0.3144654088050313	0.37106918238993697	0.3144654088050313
66	66	0.30994152046783613	0.34502923976608174	0.34502923976608174
67	67	0.3271604938271604	0.3456790123456789	0.3271604938271604
68	68	0.32768361581920896	0.37288135593220323	0.29943502824858753
69	69	0.33515482695810556	0.3588342440801456	0.3060109289617486
70	70	0.30864197530864185	0.3271604938271604	0.3641975308641974
71	71	0.31034482758620674	0.35249042145593856	0.33716475095785425
72	72	0.3462962962962962	0.3518518518518518	0.3018518518518518
73	73	0.32121212121212106	0.34949494949494936	0.32929292929292914
74	74	0.40692640692640697	0.3116883116883117	0.2813852813852814
75	75	0.35151515151515134	0.34343434343434326	0.3050505050505049
76	76	0.35897435897435886	0.3205128205128204	0.3205128205128204
77	77	0.33333333333333326	0.2688172043010752	0.39784946236559127
78	78	0.31223628691983124	0.3389592123769339	0.3488045007032349
79	79	0.31261770244821085	0.40489642184557423	0.28248587570621464
80	80	0.41666666666666663	0.2916666666666667	0.2916666666666667
81	81	0.3121693121693121	0.4003527336860669	0.28747795414462074
82	82	0.33854166666666663	0.35416666666666663	0.3072916666666667
83	83	0.3926940639269406	0.365296803652968	0.2420091324200913
84	84	0.32121212121212106	0.34949494949494936	0.32929292929292914
85	85	0.3390804597701148	0.31609195402298834	0.3448275862068964
86	86	0.2982456140350876	0.34502923976608174	0.3567251461988303
87	87	0.40983606557377034	0.30236794171220394	0.28779599271402545
88	88	0.34502923976608174	0.34502923976608174	0.30994152046783613
89	89	0.41925925925925933	0.31851851851851853	0.26222222222222225
90	90	0.3333333333333332	0.35119047619047605	0.31547619047619035
91	91	0.34722222222222204	0.31547619047619035	0.33730158730158716
92	92	0.36477987421383634	0.32075471698113195	0.3144654088050313
93	93	0.40804597701149403	0.30268199233716464	0.2892720306513409
94	94	0.31746031746031733	0.35119047619047605	0.3313492063492062
95	95	0.4035087719298243	0.2923976608187133	0.30409356725146186
96	96	0.31720430107526876	0.31720430107526876	0.36559139784946226
97	97	0.2571428571428571	0.3841269841269841	0.3587301587301587
98	98	0.28248587570621464	0.4011299435028247	0.31638418079096037
99	99	0.34615384615384603	0.3205128205128204	0.3333333333333332
100	100	0.2968036529680365	0.3165905631659056	0.3866057838660578
101	101	0.37356321839080436	0.30842911877394624	0.3180076628352489
102	102	0.3271604938271604	0.3456790123456789	0.3271604938271604
103	103	0.3333333333333332	0.33752620545073364	0.3291404612159328
104	104	0.3563218390804596	0.3390804597701148	0.30459770114942514
105	105	0.4362745098039216	0.30392156862745096	0.25980392156862747
106	106	0.372053872053872	0.2996632996632997	0.32828282828282823
107	107	0.38888888888888873	0.3277777777777777	0.28333333333333327
108	108	0.40476190476190455	0.2976190476190475	0.2976190476190475
109	109	0.3390804597701148	0.3563218390804596	0.30459770114942514
110	110	0.36700336700336694	0.34343434343434337	0.2895622895622896
111	111	0.367231638418079	0.31638418079096037	0.31638418079096037
112	112	0.33333333333333326	0.361111111111111	0.30555555555555547
113	113	0.3387978142076502	0.3697632058287795	0.29143897996357004
114	114	0.3522012578616351	0.3333333333333332	0.3144654088050313
115	115	0.2916666666666667	0.43229166666666663	0.2760416666666667
116	116	0.3896713615023474	0.34585289514866974	0.2644757433489828
117	117	0.3907407407407406	0.31481481481481477	0.2944444444444444
118	118	0.40079365079365054	0.30158730158730146	0.2976190476190475
119	119	0.3625730994152045	0.32748538011695894	0.30994152046783613
120	120	0.3390804597701148	0.32183908045977	0.3390804597701148
121	121	0.5067049808429122	0.2222222222222223	0.271072796934866
122	122	0.35416666666666663	0.35416666666666663	0.2916666666666667
123	123	0.30845771144278605	0.3233830845771144	0.36815920398009944
124	124	0.32748538011695894	0.34502923976608174	0.32748538011695894
125	125	0.30994152046783613	0.3625730994152045	0.32748538011695894
126	126	0.4413145539906103	0.29577464788732394	0.26291079812206575
127	127	0.3827160493827159	0.30864197530864185	0.30864197530864185
128	128	0.3690476190476189	0.2976190476190475	0.3333333333333332
129	129	0.32567049808429105	0.28735632183908033	0.3869731800766281
130	130	0.34941520467836257	0.37865497076023397	0.2719298245614036
131	131	0.3277777777777777	0.3648148148148147	0.30740740740740735
132	132	0.29151732377538836	0.4647550776583037	0.24372759856630827
133	133	0.3271604938271604	0.3271604938271604	0.3456790123456789
134	134	0.33333333333333326	0.367231638418079	0.29943502824858753
135	135	0.2700617283950617	0.44290123456790126	0.28703703703703703
136	136	0.38433515482695796	0.3060109289617486	0.3096539162112932
137	137	0.3353174603174602	0.3134920634920634	0.35119047619047605
138	138	0.24509803921568626	0.44281045751633985	0.31209150326797386
139	139	0.32804232804232797	0.2645502645502645	0.4074074074074073
140	140	0.3869047619047617	0.2976190476190475	0.31547619047619035
141	141	0.41452991452991467	0.2521367521367522	0.33333333333333337
142	142	0.30864197530864185	0.36831275720164597	0.3230452674897118
143	143	0.37158469945355177	0.28961748633879775	0.3387978142076502
144	144	0.3508771929824562	0.26754385964912286	0.38157894736842113
145	145	0.32183908045977	0.3908045977011492	0.28735632183908033
146	146	0.2763888888888889	0.2305555555555556	0.4930555555555558
147	147	0.30994152046783613	0.3352826510721246	0.35477582846003886
148	148	0.3092592592592592	0.39629629629629615	0.2944444444444444
149	149	0.4042145593869729	0.30459770114942514	0.2911877394636014
150	150	0.30994152046783613	0.3625730994152045	0.32748538011695894
151	151	0.3456790123456789	0.3456790123456789	0.30864197530864185
152	152	0.2934472934472935	0.38888888888888895	0.3176638176638177
153	153	0.3855218855218855	0.27104377104377103	0.34343434343434337
154	154	0.3051643192488263	0.2738654147104852	0.42097026604068866
155	155	0.39999999999999986	0.27777777777777773	0.32222222222222213
156	156	0.40329218106995907	0.23045267489711938	0.36625514403292186
157	157	0.29943502824858753	0.3841807909604518	0.31638418079096037
158	158	0.2611111111111111	0.4444444444444447	0.29444444444444445
159	159	0.32748538011695894	0.3625730994152045	0.30994152046783613
160	160	0.3439153439153438	0.2645502645502645	0.3915343915343914
161	161	0.37106918238993697	0.3144654088050313	0.3144654088050313
162	162	0.32748538011695894	0.32943469785575036	0.3430799220272903
163	163	0.35238095238095235	0.3825396825396825	0.2650793650793651
164	164	0.3060109289617486	0.32240437158469937	0.37158469945355177
165	165	0.41111111111111137	0.2975308641975309	0.2913580246913581
166	166	0.3333333333333332	0.35515873015873	0.31150793650793634
167	167	0.3333333333333332	0.3522012578616351	0.3144654088050313
168	168	0.33939393939393925	0.35757575757575744	0.30303030303030287
169	169	0.30864197530864185	0.3271604938271604	0.3641975308641974
170	170	0.32748538011695894	0.38011695906432724	0.2923976608187133
171	171	0.34502923976608174	0.30994152046783613	0.34502923976608174
172	172	0.3563218390804596	0.3390804597701148	0.30459770114942514
173	173	0.3522012578616351	0.3333333333333332	0.3144654088050313
174	174	0.33333333333333326	0.34651600753295664	0.32015065913370994
175	175	0.2923976608187133	0.39766081871345005	0.30994152046783613
176	176	0.2976190476190475	0.3690476190476189	0.3333333333333332
177	177	0.32748538011695894	0.3625730994152045	0.30994152046783613
178	178	0.3690476190476189	0.3333333333333332	0.2976190476190475
179	179	0.3563218390804596	0.3563218390804596	0.28735632183908033
180	180	0.3065134099616857	0.37739463601532547	0.31609195402298834
181	181	0.3229166666666667	0.35590277777777773	0.3211805555555556
182	182	0.34343434343434337	0.34343434343434337	0.31313131313131315
183	183	0.35757575757575744	0.32121212121212106	0.32121212121212106
184	184	0.3169398907103824	0.355191256830601	0.3278688524590163
185	185	0.3522012578616351	0.3144654088050313	0.3333333333333332
186	186	0.34739803094233473	0.340365682137834	0.31223628691983124
187	187	0.2717948717948718	0.33333333333333326	0.3948717948717948
188	188	0.3295019157088121	0.3659003831417623	0.30459770114942514
189	189	0.34722222222222204	0.35317460317460303	0.2996031746031745
190	190	0.35151515151515134	0.3252525252525251	0.3232323232323231
191	191	0.35353535353535337	0.34343434343434326	0.30303030303030287
192	192	0.3390804597701148	0.32183908045977	0.3390804597701148
193	193	0.3494623655913977	0.3494623655913977	0.30107526881720426
194	194	0.32748538011695894	0.36647173489278734	0.3060428849902533
195	195	0.3393939393939393	0.3030303030303029	0.35757575757575744
196	196	0.3796296296296295	0.3425925925925925	0.27777777777777773
197	197	0.3211111111111113	0.2866666666666668	0.39222222222222247
198	198	0.3456790123456789	0.30864197530864185	0.3456790123456789
199	199	0.3205128205128204	0.35897435897435886	0.3205128205128204
200	200	0.357142857142857	0.31547619047619035	0.3273809523809522
201	201	0.37106918238993697	0.3144654088050313	0.3144654088050313
202	202	0.3180076628352489	0.3812260536398465	0.3007662835249041
203	203	0.3333333333333332	0.3522012578616351	0.3144654088050313
204	204	0.3205128205128204	0.35897435897435886	0.3205128205128204
205	205	0.33333333333333326	0.3794871794871794	0.28717948717948716
206	206	0.3390804597701148	0.3563218390804596	0.30459770114942514
207	207	0.4180790960451976	0.29943502824858753	0.28248587570621464
208	208	0.357487922705314	0.38647342995169076	0.2560386473429952
209	209	0.3641975308641974	0.3271604938271604	0.30864197530864185
210	210	0.2795138888888889	0.39236111111111105	0.328125
211	211	0.35317460317460303	0.3313492063492062	0.31547619047619035
212	212	0.3414141414141413	0.319191919191919	0.33939393939393925
213	213	0.40476190476190455	0.2976190476190475	0.2976190476190475
214	214	0.3661971830985915	0.30516431924882625	0.32863849765258213
215	215	0.38011695906432724	0.2923976608187133	0.32748538011695894
216	216	0.33333333333333326	0.367231638418079	0.29943502824858753
217	217	0.3641975308641974	0.3271604938271604	0.30864197530864185
218	218	0.3822222222222223	0.24888888888888894	0.36888888888888893
219	219	0.3157894736842104	0.30994152046783613	0.374269005847953
220	220	0.33333333333333326	0.3648148148148147	0.3018518518518518
221	221	0.3464052287581698	0.3267973856209149	0.3267973856209149
222	222	0.33542976939203345	0.3333333333333332	0.331236897274633
223	223	0.33974358974358965	0.33974358974358965	0.3205128205128204
224	224	0.3144654088050313	0.3144654088050313	0.37106918238993697
225	225	0.30707070707070694	0.37575757575757557	0.31717171717171705
226	226	0.3518518518518518	0.361111111111111	0.287037037037037
227	227	0.38206627680311867	0.30994152046783613	0.3079922027290447
228	228	0.26917057902973396	0.27699530516431925	0.4538341158059469
229	229	0.32850241545893716	0.33655394524959736	0.3349436392914653
230	230	0.30994152046783613	0.32748538011695894	0.3625730994152045
231	231	0.59766081871345	0.1298245614035087	0.2725146198830409
232	232	0.35757575757575744	0.33939393939393925	0.30303030303030287
233	233	0.3232323232323231	0.3656565656565655	0.31111111111111095
234	234	0.2976190476190475	0.35119047619047605	0.35119047619047605
235	235	0.3271604938271604	0.3641975308641974	0.30864197530864185
236	236	0.4732026143790852	0.2901960784313726	0.23660130718954253
237	237	0.3144654088050313	0.3542976939203353	0.331236897274633
238	238	0.33974358974358965	0.33974358974358965	0.3205128205128204
239	239	0.4191279887482421	0.2616033755274262	0.31926863572433195
240	240	0.35119047619047605	0.30952380952380937	0.33928571428571414
241	241	0.36842105263157876	0.32943469785575036	0.30214424951267044
242	242	0.3869047619047617	0.31547619047619035	0.2976190476190475
243	243	0.33974358974358965	0.3205128205128204	0.33974358974358965
244	244	0.30459770114942514	0.3908045977011492	0.30459770114942514
245	245	0.37037037037037035	0.2854938271604938	0.3441358024691358
246	246	0.35317460317460303	0.3432539682539681	0.30357142857142844
247	247	0.3827160493827159	0.30864197530864185	0.30864197530864185
248	248	0.33333333333333326	0.35028248587570615	0.31638418079096037
249	249	0.35897435897435886	0.3205128205128204	0.3205128205128204
250	250	0.31893004115226326	0.30864197530864185	0.3724279835390945
251	251	0.313840155945419	0.38791423001949293	0.2982456140350876
252	252	0.3205128205128204	0.3205128205128204	0.35897435897435886
253	253	0.3144654088050313	0.3144654088050313	0.37106918238993697
254	254	0.3233830845771144	0.39635157545605304	0.2802653399668325
255	255	0.352112676056338	0.30046948356807507	0.3474178403755868
256	256	0.3827160493827159	0.30864197530864185	0.30864197530864185
257	257	0.3535353535353535	0.36531986531986527	0.28114478114478114
258	258	0.367231638418079	0.31638418079096037	0.31638418079096037
259	259	0.33974358974358965	0.33974358974358965	0.3205128205128204
260	260	0.42393162393162387	0.28888888888888886	0.28717948717948716
261	261	0.3939393939393937	0.30303030303030287	0.30303030303030287
262	262	0.31547619047619035	0.3869047619047617	0.2976190476190475
263	263	0.38206627680311867	0.2923976608187133	0.3255360623781675
264	264	0.3412698412698411	0.3333333333333332	0.32539682539682524
265	265	0.3563218390804596	0.3390804597701148	0.30459770114942514
266	266	0.361111111111111	0.361111111111111	0.27777777777777773
267	267	0.4124579124579124	0.3181818181818182	0.26936026936026936
268	268	0.3939393939393937	0.30303030303030287	0.30303030303030287
269	269	0.37106918238993697	0.3144654088050313	0.3144654088050313
270	270	0.3595959595959594	0.3373737373737372	0.30303030303030287
271	271	0.32121212121212106	0.37575757575757557	0.30303030303030287
272	272	0.47619047619047644	0.26839826839826847	0.2554112554112555
273	273	0.43492063492063493	0.30317460317460315	0.2619047619047619
274	274	0.3333333333333332	0.3690476190476189	0.2976190476190475
275	275	0.32504145936981754	0.36815920398009944	0.3067993366500829
276	276	0.30107526881720426	0.3620071684587812	0.33691756272401424
277	277	0.3497942386831274	0.30864197530864185	0.34156378600823034
278	278	0.3446054750402576	0.39774557165861507	0.2576489533011272
279	279	0.3860640301318265	0.2824858757062146	0.3314500941619584
280	280	0.37479270315091207	0.33830845771144274	0.28689883913764513
281	281	0.32121212121212106	0.35757575757575744	0.32121212121212106
282	282	0.31111111111111106	0.38888888888888873	0.29999999999999993
283	283	0.31720430107526876	0.28494623655913975	0.39784946236559127
284	284	0.32240437158469937	0.3752276867030964	0.30236794171220394
285	285	0.3690476190476189	0.3333333333333332	0.2976190476190475
286	286	0.32075471698113195	0.3144654088050313	0.36477987421383634
287	287	0.37106918238993697	0.3144654088050313	0.3144654088050313
288	288	0.3205128205128204	0.35897435897435886	0.3205128205128204
289	289	0.35897435897435886	0.3205128205128204	0.3205128205128204
290	290	0.35757575757575744	0.33939393939393925	0.30303030303030287
291	291	0.30256410256410254	0.3948717948717948	0.30256410256410254
292	292	0.41709401709401706	0.31794871794871793	0.26495726495726496
293	293	0.3205128205128204	0.35897435897435886	0.3205128205128204
294	294	0.3794871794871794	0.30256410256410254	0.31794871794871793
295	295	0.367231638418079	0.32768361581920896	0.3050847457627118
296	296	0.4398148148148148	0.2839506172839506	0.2762345679012346
297	297	0.3827160493827159	0.30864197530864185	0.30864197530864185
298	298	0.3189964157706093	0.37992831541218625	0.30107526881720426
299	299	0.33333333333333326	0.32616487455197124	0.3405017921146953
300	300	0.33939393939393925	0.35757575757575744	0.30303030303030287
301	301	0.3180076628352489	0.37356321839080436	0.30842911877394624
302	302	0.34949494949494936	0.32121212121212106	0.32929292929292914
303	303	0.4353120243531202	0.2633181126331811	0.3013698630136986
304	304	0.3411306042884989	0.3430799220272903	0.3157894736842104
305	305	0.3456790123456789	0.3456790123456789	0.30864197530864185
306	306	0.33333333333333326	0.3841807909604518	0.28248587570621464
307	307	0.3090277777777778	0.38541666666666663	0.3055555555555556
308	308	0.3946360153256703	0.28735632183908033	0.3180076628352489
309	309	0.3008130081300813	0.37398373983739847	0.3252032520325204
310	310	0.3504273504273504	0.33333333333333326	0.3162393162393162
311	311	0.3096539162112932	0.29143897996357004	0.3989071038251365
312	312	0.3271604938271604	0.3641975308641974	0.30864197530864185
313	313	0.31746031746031733	0.3690476190476189	0.3134920634920634
314	314	0.34502923976608174	0.32748538011695894	0.32748538011695894
315	315	0.3641975308641974	0.3271604938271604	0.30864197530864185
316	316	0.33716475095785425	0.3065134099616857	0.3563218390804596
317	317	0.3680555555555555	0.33333333333333326	0.2986111111111111
318	318	0.3542976939203353	0.331236897274633	0.3144654088050313
319	319	0.38888888888888873	0.27777777777777773	0.33333333333333326
320	320	0.3313492063492062	0.3690476190476189	0.2996031746031745
321	321	0.32539682539682524	0.3412698412698411	0.3333333333333332
322	322	0.30418943533697623	0.3278688524590163	0.3679417122040072
323	323	0.3444444444444444	0.33333333333333326	0.32222222222222213
324	324	0.34722222222222204	0.2976190476190475	0.35515873015873
325	325	0.33974358974358965	0.3205128205128204	0.33974358974358965
326	326	0.32121212121212106	0.37575757575757557	0.30303030303030287
327	327	0.3169398907103824	0.3406193078324225	0.34244080145719485
328	328	0.34773662551440315	0.32921810699588466	0.3230452674897118
329	329	0.3621399176954731	0.3106995884773662	0.3271604938271604
330	330	0.3641975308641974	0.3271604938271604	0.30864197530864185
331	331	0.3271604938271604	0.3456790123456789	0.3271604938271604
332	332	0.30303030303030287	0.3939393939393937	0.30303030303030287
333	333	0.3434343434343433	0.3030303030303029	0.3535353535353534
334	334	0.3873873873873874	0.3228228228228228	0.2897897897897898
335	335	0.439153439153439	0.28042328042328035	0.28042328042328035
336	336	0.3144654088050313	0.3333333333333332	0.3522012578616351
337	337	0.3464052287581698	0.3267973856209149	0.3267973856209149
338	338	0.26053639846743293	0.42017879948914455	0.31928480204342274
339	339	0.35858585858585856	0.36026936026936024	0.28114478114478114
340	340	0.37575757575757557	0.32121212121212106	0.30303030303030287
341	341	0.3456790123456789	0.3456790123456789	0.30864197530864185
342	342	0.3333333333333332	0.3522012578616351	0.3144654088050313
343	343	0.35440613026819906	0.3237547892720305	0.32183908045977
344	344	0.3405017921146953	0.28494623655913975	0.37455197132616475
345	345	0.28924162257495584	0.37566137566137553	0.33509700176366836
346	346	0.31313131313131315	0.25757575757575757	0.4292929292929292
347	347	0.35897435897435886	0.3205128205128204	0.3205128205128204
348	348	0.3369763205828779	0.31147540983606553	0.35154826958105634
349	349	0.4012345679012346	0.29783950617283944	0.3009259259259259
350	350	0.34871794871794864	0.3572649572649572	0.294017094017094
351	351	0.3479052823315117	0.2805100182149362	0.37158469945355177
352	352	0.3144654088050313	0.37106918238993697	0.3144654088050313
353	353	0.37326388888888884	0.2760416666666667	0.3506944444444444
354	354	0.27322404371584696	0.4335154826958104	0.2932604735883424
355	355	0.3522012578616351	0.3333333333333332	0.3144654088050313
356	356	0.31111111111111106	0.2944444444444444	0.3944444444444443
357	357	0.3444444444444444	0.31111111111111106	0.3444444444444444
358	358	0.32627865961199287	0.3015873015873015	0.37213403880070534
359	359	0.32432432432432434	0.32132132132132135	0.35435435435435436
360	360	0.35154826958105634	0.33515482695810556	0.31329690346083783
361	361	0.26222222222222225	0.4681481481481483	0.2696296296296296
362	362	0.3060109289617486	0.3879781420765026	0.3060109289617486
363	363	0.33974358974358965	0.33974358974358965	0.3205128205128204
364	364	0.29757343550447	0.47254150702426584	0.2298850574712644
365	365	0.33974358974358965	0.3205128205128204	0.33974358974358965
366	366	0.37575757575757557	0.30303030303030287	0.32121212121212106
367	367	0.33939393939393925	0.33939393939393925	0.32121212121212106
368	368	0.3051146384479717	0.41446208112874766	0.28042328042328035
369	369	0.29572649572649573	0.3931623931623931	0.3111111111111111
370	370	0.32121212121212106	0.37575757575757557	0.30303030303030287
371	371	0.3393939393939393	0.3030303030303029	0.35757575757575744
372	372	0.2962962962962962	0.4074074074074073	0.2962962962962962
373	373	0.37152777777777773	0.2881944444444444	0.34027777777777773
374	374	0.32748538011695894	0.3235867446393761	0.3489278752436646
375	375	0.3456790123456789	0.3456790123456789	0.30864197530864185
376	376	0.3271604938271604	0.3456790123456789	0.3271604938271604
377	377	0.3726150392817062	0.3883277216610552	0.23905723905723908
378	378	0.37356321839080436	0.3390804597701148	0.28735632183908033
379	379	0.3050847457627117	0.3672316384180789	0.3276836158192089
380	380	0.33542976939203345	0.3501048218029349	0.3144654088050313
381	381	0.3676767676767675	0.30303030303030287	0.32929292929292914
382	382	0.39766081871345005	0.30994152046783613	0.2923976608187133
383	383	0.3144654088050313	0.37106918238993697	0.3144654088050313
384	384	0.35757575757575744	0.33939393939393925	0.30303030303030287
385	385	0.3436213991769546	0.34773662551440315	0.30864197530864185
386	386	0.28961748633879775	0.42076502732240423	0.28961748633879775
387	387	0.3456790123456789	0.3456790123456789	0.30864197530864185
388	388	0.3697318007662833	0.30459770114942514	0.32567049808429105
389	389	0.37254901960784326	0.3686274509803923	0.25882352941176473
390	390	0.3955555555555556	0.3288888888888889	0.2755555555555556
391	391	0.42592592592592593	0.30709876543209874	0.26697530864197533
392	392	0.30864197530864185	0.3641975308641974	0.3271604938271604
393	393	0.3333333333333332	0.3144654088050313	0.3522012578616351
394	394	0.32183908045977	0.30459770114942514	0.37356321839080436
395	395	0.3456790123456789	0.3456790123456789	0.30864197530864185
396	396	0.3785310734463275	0.31638418079096037	0.3050847457627118
397	397	0.2976190476190475	0.40476190476190455	0.2976190476190475
398	398	0.4255050505050508	0.316919191919192	0.2575757575757576
399	399	0.3390804597701148	0.30459770114942514	0.3563218390804596
400	400	0.39259259259259244	0.3277777777777777	0.27962962962962956
401	401	0.3390804597701148	0.33141762452107265	0.3295019157088121
402	402	0.30864197530864185	0.3827160493827159	0.30864197530864185
403	403	0.3106995884773662	0.3621399176954731	0.3271604938271604
404	404	0.3444444444444444	0.31111111111111106	0.3444444444444444
405	405	0.3703703703703702	0.31189083820662755	0.3177387914230018
406	406	0.3273809523809522	0.37499999999999983	0.2976190476190475
407	407	0.3918128654970761	0.27631578947368424	0.33187134502923976
408	408	0.3522012578616351	0.3144654088050313	0.3333333333333332
409	409	0.3944444444444443	0.31111111111111106	0.2944444444444444
410	410	0.28248587570621464	0.40489642184557423	0.31261770244821085
411	411	0.2564102564102564	0.28717948717948716	0.4564102564102564
412	412	0.33333333333333326	0.4102564102564102	0.2564102564102564
413	413	0.35757575757575744	0.30909090909090897	0.3333333333333332
414	414	0.2833333333333333	0.3472222222222222	0.3694444444444445
415	415	0.3836805555555555	0.3038194444444444	0.3125
416	416	0.2976190476190475	0.40476190476190455	0.2976190476190475
417	417	0.41666666666666663	0.3072916666666667	0.2760416666666667
418	418	0.3828828828828829	0.3678678678678679	0.2492492492492493
419	419	0.3237547892720305	0.37356321839080436	0.30268199233716464
420	420	0.30994152046783613	0.38011695906432724	0.30994152046783613
421	421	0.3390804597701148	0.32183908045977	0.3390804597701148
422	422	0.30864197530864185	0.3827160493827159	0.30864197530864185
423	423	0.33691756272401424	0.35842293906810024	0.30465949820788524
424	424	0.3013182674199622	0.34086629001883223	0.3578154425612051
425	425	0.34343434343434337	0.2828282828282828	0.3737373737373737
426	426	0.40148148148148155	0.32	0.27851851851851855
427	427	0.25632563256325636	0.447744774477448	0.295929592959296
428	428	0.4696296296296298	0.2414814814814815	0.28888888888888886
429	429	0.4238683127572019	0.3209876543209877	0.25514403292181076
430	430	0.33918128654970775	0.22690058479532166	0.43391812865497104
431	431	0.34502923976608174	0.34502923976608174	0.30994152046783613
432	432	0.3233830845771144	0.384742951907131	0.29187396351575456
433	433	0.3537037037037036	0.2944444444444444	0.3518518518518518
434	434	0.3333333333333332	0.31417624521072784	0.35249042145593856
435	435	0.3827160493827159	0.30864197530864185	0.30864197530864185
436	436	0.3456790123456789	0.3271604938271604	0.3271604938271604
437	437	0.33939393939393925	0.32121212121212106	0.33939393939393925
438	438	0.3333333333333332	0.357142857142857	0.30952380952380937
439	439	0.30178326474622774	0.3703703703703704	0.3278463648834019
440	440	0.37575757575757557	0.30303030303030287	0.32121212121212106
441	441	0.30994152046783613	0.30994152046783613	0.38011695906432724
442	442	0.4238095238095238	0.25555555555555554	0.3206349206349206
443	443	0.3249158249158249	0.2676767676767677	0.4074074074074074
444	444	0.3333333333333332	0.3333333333333332	0.3333333333333332
445	445	0.2944444444444444	0.411111111111111	0.2944444444444444
446	446	0.30864197530864185	0.3827160493827159	0.30864197530864185
447	447	0.335042735042735	0.3145299145299145	0.3504273504273504
448	448	0.19284802043422736	0.5913154533844192	0.2158365261813538
449	449	0.28248587570621464	0.4293785310734462	0.28813559322033894
450	450	0.2573099415204679	0.5233918128654973	0.21929824561403513
451	451	0.3625730994152045	0.32748538011695894	0.30994152046783613
452	452	0.35842293906810024	0.3082437275985662	0.33333333333333326
453	453	0.32240437158469937	0.4043715846994534	0.27322404371584696
454	454	0.33521657250470793	0.3163841807909603	0.3483992467043313
455	455	0.31547619047619035	0.3869047619047617	0.2976190476190475
456	456	0.3494623655913977	0.33333333333333326	0.31720430107526876
457	457	0.30845771144278605	0.42786069651741293	0.263681592039801
458	458	0.28571428571428564	0.46825396825396837	0.246031746031746
459	459	0.34343434343434337	0.31313131313131315	0.34343434343434337
460	460	0.30994152046783613	0.39766081871345005	0.2923976608187133
461	461	0.33939393939393925	0.35757575757575744	0.30303030303030287
462	462	0.30107526881720426	0.39784946236559127	0.30107526881720426
463	463	0.30303030303030304	0.30976430976430974	0.38720538720538716
464	464	0.31172839506172834	0.42592592592592593	0.2623456790123457
465	465	0.28961748633879775	0.42076502732240423	0.28961748633879775
466	466	0.296849087893864	0.2935323383084577	0.40961857379767824
467	467	0.3365079365079365	0.3285714285714285	0.3349206349206349
468	468	0.3205128205128204	0.3568376068376067	0.32264957264957256
469	469	0.35333333333333355	0.2733333333333334	0.3733333333333336
470	470	0.38142620232172464	0.29519071310116085	0.3233830845771144
471	471	0.35757575757575744	0.33939393939393925	0.30303030303030287
472	472	0.3271604938271604	0.3641975308641974	0.30864197530864185
473	473	0.32183908045977	0.36398467432950177	0.31417624521072784
474	474	0.28717948717948716	0.27350427350427353	0.4393162393162393
475	475	0.3079365079365079	0.38888888888888884	0.30317460317460315
476	476	0.34895833333333326	0.39062499999999994	0.2604166666666667
477	477	0.3271604938271604	0.3456790123456789	0.3271604938271604
478	478	0.31924882629107976	0.40375586854460094	0.27699530516431925
479	479	0.39784946236559127	0.31720430107526876	0.28494623655913975
480	480	0.2815829528158295	0.46423135464231374	0.2541856925418569
481	481	0.40801457194899804	0.296903460837887	0.2950819672131147
482	482	0.35757575757575744	0.30303030303030287	0.33939393939393925
483	483	0.3393939393939393	0.3030303030303029	0.35757575757575744
484	484	0.28717948717948716	0.43418803418803414	0.27863247863247864
485	485	0.3205128205128204	0.35897435897435886	0.3205128205128204
486	486	0.3429951690821256	0.28180354267310787	0.37520128824476645
487	487	0.3009259259259259	0.39969135802469136	0.29938271604938266
488	488	0.36984126984126986	0.2666666666666667	0.36349206349206353
489	489	0.3144654088050313	0.3542976939203353	0.331236897274633
490	490	0.30303030303030287	0.35757575757575744	0.33939393939393925
491	491	0.29943502824858753	0.3841807909604518	0.31638418079096037
492	492	0.35897435897435886	0.3205128205128204	0.3205128205128204
493	493	0.3045267489711934	0.4403292181069961	0.25514403292181076
494	494	0.29901960784313725	0.25980392156862747	0.4411764705882353
495	495	0.4063926940639269	0.2694063926940639	0.3242009132420091
496	496	0.2892720306513409	0.3237547892720305	0.3869731800766281
497	497	0.3499999999999999	0.3277777777777777	0.32222222222222213
498	498	0.30994152046783613	0.3625730994152045	0.32748538011695894
499	499	0.3060109289617486	0.39344262295081955	0.30054644808743164
500	500	0.3418803418803419	0.4088319088319089	0.24928774928774933
501	501	0.4536082474226807	0.25429553264604815	0.2920962199312715
502	502	0.3098591549295775	0.26447574334898283	0.42566510172143984
503	503	0.38383838383838365	0.30303030303030287	0.313131313131313
504	504	0.31638418079096037	0.4011299435028247	0.28248587570621464
505	505	0.3827160493827159	0.30864197530864185	0.30864197530864185
506	506	0.26666666666666666	0.45396825396825397	0.27936507936507937
507	507	0.3232323232323231	0.33939393939393925	0.3373737373737372
508	508	0.32627865961199287	0.3915343915343914	0.28218694885361545
509	509	0.40219092331768386	0.3035993740219092	0.2942097026604069
510	510	0.3134920634920635	0.2751322751322751	0.41137566137566156
511	511	0.29583333333333334	0.3930555555555556	0.3111111111111111
512	512	0.30131826741996226	0.4011299435028247	0.29755178907721275
513	513	0.3060109289617486	0.4025500910746811	0.29143897996357004
514	514	0.3369763205828779	0.3697632058287795	0.2932604735883424
515	515	0.3696969696969695	0.32121212121212106	0.30909090909090897
516	516	0.38431372549019627	0.38431372549019627	0.23137254901960788
517	517	0.3861920172599787	0.39050701186623543	0.22330097087378645
518	518	0.3888888888888887	0.3134920634920634	0.2976190476190475
519	519	0.28750000000000003	0.46250000000000024	0.25000000000000006
520	520	0.253968253968254	0.31084656084656087	0.4351851851851854
521	521	0.3481481481481481	0.27777777777777773	0.37407407407407395
522	522	0.3625730994152045	0.3079922027290447	0.32943469785575036
523	523	0.31111111111111106	0.37222222222222207	0.3166666666666666
524	524	0.3333333333333332	0.35119047619047605	0.31547619047619035
525	525	0.3144654088050313	0.3333333333333332	0.3522012578616351
526	526	0.31746031746031744	0.4301587301587302	0.2523809523809524
527	527	0.3690476190476189	0.2976190476190475	0.3333333333333332
528	528	0.34700854700854694	0.2905982905982906	0.3623931623931623
529	529	0.3042929292929293	0.4431818181818184	0.25252525252525254
530	530	0.37407407407407395	0.31111111111111106	0.31481481481481477
531	531	0.28717948717948716	0.28717948717948716	0.42564102564102557
532	532	0.25724637681159424	0.4311594202898553	0.31159420289855083
533	533	0.35238095238095235	0.392063492063492	0.25555555555555554
534	534	0.30864197530864185	0.3827160493827159	0.30864197530864185
535	535	0.3333333333333332	0.35119047619047605	0.31547619047619035
536	536	0.3387978142076502	0.31147540983606553	0.3497267759562841
537	537	0.33854166666666663	0.37847222222222215	0.2829861111111111
538	538	0.3690476190476189	0.3333333333333332	0.2976190476190475
539	539	0.4498207885304658	0.2688172043010752	0.2813620071684587
540	540	0.35238095238095235	0.34603174603174597	0.30158730158730157
541	541	0.32748538011695894	0.34502923976608174	0.32748538011695894
542	542	0.39583333333333326	0.3333333333333333	0.2708333333333333
543	543	0.3641975308641974	0.3271604938271604	0.30864197530864185
544	544	0.33333333333333326	0.39784946236559127	0.2688172043010752
545	545	0.3333333333333332	0.31547619047619035	0.35119047619047605
546	546	0.3267973856209149	0.344226579520697	0.32897603485838767
547	547	0.35475234270415	0.3493975903614459	0.29585006693440435
548	548	0.23290598290598297	0.2510683760683761	0.5160256410256413
549	549	0.32240437158469937	0.3879781420765026	0.28961748633879775
550	550	0.3144654088050313	0.331236897274633	0.3542976939203353
551	551	0.3456790123456789	0.3251028806584361	0.32921810699588466
552	552	0.38172043010752676	0.30107526881720426	0.31720430107526876
553	553	0.3873873873873874	0.31981981981981983	0.2927927927927928
554	554	0.33974358974358965	0.33974358974358965	0.3205128205128204
555	555	0.36590038314176226	0.34674329501915696	0.28735632183908033
556	556	0.3333333333333332	0.3144654088050313	0.3522012578616351
557	557	0.3192239858906525	0.37566137566137553	0.3051146384479717
558	558	0.2968253968253968	0.4253968253968254	0.2777777777777778
559	559	0.2830687830687831	0.22222222222222227	0.49470899470899493
560	560	0.45814307458143094	0.2861491628614916	0.2557077625570776
561	561	0.36979166666666663	0.35416666666666663	0.2760416666666667
562	562	0.28248587570621464	0.4161958568738228	0.30131826741996226
563	563	0.33333333333333326	0.3914529914529914	0.27521367521367524
564	564	0.3734061930783241	0.32240437158469937	0.30418943533697623
565	565	0.32183908045977	0.3697318007662833	0.30842911877394624
566	566	0.3522012578616351	0.31865828092243176	0.3291404612159328
567	567	0.3333333333333332	0.3333333333333332	0.3333333333333332
568	568	0.28333333333333355	0.17870370370370378	0.5379629629629632
569	569	0.36507936507936506	0.3365079365079365	0.2984126984126984
570	570	0.3494623655913977	0.38172043010752676	0.2688172043010752
571	571	0.31547619047619035	0.3869047619047617	0.2976190476190475
572	572	0.2676767676767677	0.40572390572390565	0.32659932659932656
573	573	0.3353174603174602	0.3492063492063491	0.31547619047619035
574	574	0.3456790123456789	0.3456790123456789	0.30864197530864185
575	575	0.28502415458937197	0.4718196457326894	0.2431561996779388
576	576	0.33974358974358965	0.33974358974358965	0.3205128205128204
577	577	0.3796296296296296	0.36111111111111105	0.25925925925925924
578	578	0.355191256830601	0.355191256830601	0.28961748633879775
579	579	0.3232323232323231	0.3373737373737372	0.33939393939393925
580	580	0.3333333333333332	0.3144654088050313	0.3522012578616351
581	581	0.33333333333333326	0.2888888888888888	0.37777777777777766
582	582	0.3492063492063491	0.35119047619047605	0.2996031746031745
583	583	0.33939393939393925	0.32121212121212106	0.33939393939393925
584	584	0.3381642512077296	0.4649758454106283	0.19685990338164255
585	585	0.4004629629629632	0.3356481481481483	0.26388888888888895
586	586	0.40860215053763427	0.29032258064516125	0.30107526881720426
587	587	0.3754789272030649	0.33716475095785425	0.28735632183908033
588	588	0.32748538011695894	0.2982456140350876	0.374269005847953
589	589	0.3456790123456789	0.3374485596707818	0.316872427983539
590	590	0.32121212121212106	0.35757575757575744	0.32121212121212106
591	591	0.3466135458167329	0.342629482071713	0.31075697211155373
592	592	0.34502923976608174	0.30994152046783613	0.34502923976608174
593	593	0.32769726247987124	0.43075684380032214	0.24154589371980686
594	594	0.27777777777777773	0.4444444444444443	0.27777777777777773
595	595	0.32203389830508466	0.3841807909604518	0.29378531073446323
596	596	0.32616487455197124	0.36559139784946226	0.3082437275985662
