#doc name topic proportion ...
0	0	0.21383647798742153	0.15723270440251585	0.15723270440251585	0.15723270440251585	0.15723270440251585	0.15723270440251585
1	1	0.1563786008230454	0.15432098765432112	0.1584362139917697	0.15432098765432112	0.17078189300411536	0.20576131687242813
2	2	0.1695906432748539	0.14619883040935683	0.20857699805068236	0.15789473684210537	0.14619883040935683	0.17153996101364533
3	3	0.14619883040935683	0.15594541910331394	0.14619883040935683	0.16374269005847963	0.15399610136452252	0.23391812865497089
4	4	0.18148148148148158	0.15370370370370381	0.1462962962962964	0.13888888888888898	0.188888888888889	0.19074074074074082
5	5	0.2377260981912144	0.14728682170542626	0.10981912144702836	0.12144702842377254	0.18604651162790686	0.19767441860465113
6	6	0.14942528735632174	0.13154533844189006	0.12132822477650057	0.12515964240102162	0.14431673052362698	0.32822477650063847
7	7	0.1927083333333334	0.1458333333333334	0.1822916666666667	0.1631944444444445	0.14409722222222227	0.17187500000000006
8	8	0.18222222222222217	0.11259259259259258	0.13925925925925925	0.13629629629629628	0.24592592592592596	0.18370370370370365
9	9	0.17261904761904776	0.17857142857142871	0.1527777777777779	0.14880952380952392	0.17460317460317473	0.17261904761904776
10	10	0.15300546448087438	0.1657559198542806	0.1693989071038252	0.1402550091074682	0.1712204007285975	0.2003642987249545
11	11	0.18724279835390958	0.15432098765432112	0.17078189300411536	0.15432098765432112	0.1790123456790125	0.15432098765432112
12	12	0.17534722222222227	0.14236111111111116	0.1458333333333334	0.17361111111111116	0.1649305555555556	0.1979166666666667
13	13	0.18326118326118318	0.15873015873015867	0.1356421356421356	0.17460317460317454	0.1702741702741702	0.17748917748917742
14	14	0.16565656565656578	0.15151515151515163	0.15151515151515163	0.15151515151515163	0.2060606060606062	0.17373737373737388
15	15	0.16923076923076924	0.15384615384615388	0.14529914529914534	0.1435897435897436	0.1623931623931624	0.22564102564102567
16	16	0.1487758945386065	0.15630885122410557	0.14500941619585697	0.1431261770244822	0.1431261770244822	0.2636534839924672
17	17	0.16374269005847963	0.20077972709551667	0.14619883040935683	0.16374269005847963	0.17933723196881105	0.14619883040935683
18	18	0.17261904761904776	0.19642857142857156	0.14880952380952392	0.1666666666666668	0.1666666666666668	0.14880952380952392
19	19	0.17283950617283964	0.15432098765432112	0.17283950617283964	0.17283950617283964	0.15432098765432112	0.17283950617283964
20	20	0.1633986928104575	0.13071895424836602	0.16666666666666663	0.12254901960784313	0.2516339869281047	0.16503267973856206
21	21	0.17610062893081774	0.15723270440251583	0.15723270440251583	0.15723270440251583	0.17610062893081774	0.17610062893081774
22	22	0.156648451730419	0.1730418943533698	0.14571948998178513	0.17668488160291443	0.18214936247723137	0.1657559198542806
23	23	0.22222222222222218	0.15972222222222213	0.1194444444444444	0.10416666666666662	0.16944444444444434	0.22499999999999998
24	24	0.1374269005847953	0.13157894736842102	0.18713450292397651	0.1798245614035087	0.12426900584795318	0.23976608187134504
25	25	0.17283950617283964	0.17489711934156393	0.17283950617283964	0.15432098765432112	0.15432098765432112	0.17078189300411536
26	26	0.18641975308641967	0.1506172839506172	0.12592592592592583	0.15925925925925916	0.20740740740740737	0.17037037037037028
27	27	0.19629629629629639	0.17222222222222233	0.1425925925925927	0.1500000000000001	0.16296296296296306	0.175925925925926
28	28	0.14367816091954033	0.17624521072796948	0.14367816091954033	0.1954022988505748	0.1570881226053641	0.1839080459770116
29	29	0.13888888888888898	0.16481481481481491	0.17777777777777787	0.15555555555555564	0.1740740740740742	0.188888888888889
30	30	0.16374269005847963	0.1695906432748539	0.16374269005847963	0.16374269005847963	0.14619883040935683	0.19298245614035098
31	31	0.16865079365079377	0.1666666666666668	0.1825396825396827	0.18452380952380967	0.14880952380952392	0.14880952380952392
32	32	0.13661202185792357	0.1730418943533698	0.19125683060109294	0.1693989071038252	0.13661202185792357	0.19307832422586527
33	33	0.12661498708010327	0.12919896640826864	0.19509043927648576	0.1537467700258397	0.21059431524547798	0.18475452196382422
34	34	0.14285714285714288	0.17283950617283952	0.1375661375661376	0.1322751322751323	0.1851851851851852	0.22927689594356265
35	35	0.1884920634920636	0.14880952380952392	0.1666666666666668	0.18452380952380967	0.14880952380952392	0.16269841269841281
36	36	0.16524216524216517	0.1424501424501424	0.16239316239316232	0.1894586894586894	0.19800569800569795	0.1424501424501424
37	37	0.2056384742951907	0.15920398009950246	0.14759535655058043	0.12769485903814262	0.16417910447761191	0.19568822553897178
38	38	0.16339869281045763	0.16993464052287593	0.17647058823529424	0.16339869281045763	0.16339869281045763	0.16339869281045763
39	39	0.33783783783783783	0.12912912912912908	0.1261261261261261	0.1411411411411411	0.12462462462462458	0.1411411411411411
40	40	0.1462962962962964	0.18518518518518529	0.13888888888888898	0.188888888888889	0.16851851851851862	0.17222222222222233
41	41	0.1402550091074682	0.1548269581056467	0.14207650273224048	0.21675774134790535	0.15300546448087438	0.19307832422586527
42	42	0.14096185737976785	0.16086235489220566	0.17412935323383086	0.1625207296849088	0.17744610281923714	0.18407960199004977
43	43	0.1572649572649573	0.19316239316239317	0.1435897435897436	0.1435897435897436	0.1418803418803419	0.22051282051282056
44	44	0.1830065359477124	0.17320261437908493	0.17973856209150324	0.15196078431372548	0.1764705882352941	0.13562091503267973
45	45	0.16025641025641038	0.16025641025641038	0.1730769230769232	0.16025641025641038	0.16025641025641038	0.18589743589743604
46	46	0.15009746588693967	0.14814814814814825	0.1598440545808968	0.14619883040935683	0.1617933723196882	0.23391812865497089
47	47	0.12437810945273634	0.13764510779436157	0.2172470978441128	0.1293532338308458	0.24875621890547278	0.142620232172471
48	48	0.17013888888888892	0.16319444444444448	0.1458333333333334	0.15798611111111116	0.2100694444444445	0.15277777777777785
49	49	0.16025641025641038	0.17948717948717963	0.16025641025641038	0.16025641025641038	0.16025641025641038	0.17948717948717963
50	50	0.20943952802359872	0.12782694198623393	0.10521140609636175	0.11307767944936076	0.18289085545722705	0.26155358898721714
51	51	0.19496855345911965	0.17610062893081777	0.15723270440251585	0.15723270440251585	0.15723270440251585	0.15723270440251585
52	52	0.16049382716049396	0.15432098765432112	0.15432098765432112	0.1666666666666668	0.15432098765432112	0.2098765432098767
53	53	0.1904761904761905	0.1922398589065256	0.1322751322751323	0.17460317460317462	0.15873015873015875	0.15167548500881836
54	54	0.1476190476190476	0.24444444444444444	0.1333333333333333	0.1365079365079365	0.1333333333333333	0.20476190476190473
55	55	0.1871980676328502	0.1207729468599033	0.1243961352657004	0.09178743961352652	0.17028985507246366	0.30555555555555547
56	56	0.14367816091954033	0.14367816091954033	0.15517241379310354	0.16091954022988517	0.17816091954023	0.21839080459770127
57	57	0.15300546448087438	0.13661202185792357	0.1693989071038252	0.15300546448087438	0.2349726775956285	0.15300546448087438
58	58	0.19354838709677424	0.17921146953405023	0.13440860215053768	0.1397849462365592	0.14874551971326172	0.20430107526881727
59	59	0.17373737373737388	0.15151515151515163	0.16969696969696985	0.15151515151515163	0.15151515151515163	0.20202020202020216
60	60	0.1430976430976431	0.12794612794612797	0.19191919191919193	0.14141414141414144	0.20033670033670034	0.1952861952861953
61	61	0.1302083333333334	0.1336805555555556	0.1302083333333334	0.1614583333333334	0.24479166666666677	0.19965277777777785
62	62	0.20105820105820107	0.16225749559082894	0.14814814814814817	0.14991181657848326	0.14814814814814817	0.1904761904761905
63	63	0.16025641025641038	0.16025641025641038	0.16025641025641038	0.17948717948717963	0.17948717948717963	0.16025641025641038
64	64	0.15432098765432112	0.17489711934156393	0.15432098765432112	0.17283950617283964	0.17283950617283964	0.17078189300411536
65	65	0.21587301587301588	0.19365079365079363	0.15238095238095237	0.12222222222222222	0.14126984126984127	0.1746031746031746
66	66	0.1769547325102882	0.1687242798353911	0.15432098765432112	0.17283950617283964	0.17283950617283964	0.15432098765432112
67	67	0.1666666666666668	0.1666666666666668	0.1666666666666668	0.1666666666666668	0.1666666666666668	0.1666666666666668
68	68	0.16339869281045763	0.16339869281045763	0.16339869281045763	0.16339869281045763	0.18300653594771255	0.16339869281045763
69	69	0.1581920903954803	0.16007532956685505	0.15630885122410554	0.19209039548022605	0.16007532956685505	0.17325800376647843
70	70	0.22698412698412695	0.1682539682539682	0.1333333333333333	0.13174603174603172	0.14126984126984124	0.19841269841269835
71	71	0.16025641025641038	0.16025641025641038	0.16025641025641038	0.16025641025641038	0.16025641025641038	0.19871794871794887
72	72	0.2136752136752137	0.1253561253561253	0.18518518518518512	0.1068376068376068	0.21082621082621084	0.15811965811965806
73	73	0.1302083333333334	0.1336805555555556	0.2100694444444445	0.14409722222222227	0.1927083333333334	0.18923611111111116
74	74	0.17948717948717963	0.16025641025641038	0.16025641025641038	0.16025641025641038	0.16025641025641038	0.17948717948717963
75	75	0.14481897627965035	0.24094881398252177	0.1123595505617977	0.18227215980024963	0.11735330836454426	0.20224719101123592
76	76	0.1563786008230454	0.19135802469135818	0.15432098765432112	0.17078189300411536	0.17283950617283964	0.15432098765432112
77	77	0.16269841269841281	0.1527777777777779	0.16269841269841281	0.15079365079365092	0.15476190476190488	0.21626984126984142
78	78	0.14367816091954033	0.2203065134099618	0.15517241379310354	0.14367816091954033	0.14559386973180086	0.19157088122605373
79	79	0.15432098765432112	0.15432098765432112	0.15432098765432112	0.16460905349794253	0.17489711934156393	0.19753086419753102
80	80	0.17534722222222227	0.1614583333333334	0.1614583333333334	0.1458333333333334	0.1319444444444445	0.22395833333333343
81	81	0.1666666666666668	0.18650793650793665	0.1527777777777779	0.1666666666666668	0.14880952380952392	0.17857142857142871
82	82	0.14983164983164987	0.14478114478114482	0.15993265993265993	0.1464646464646465	0.1565656565656566	0.24242424242424251
83	83	0.13526570048309178	0.2318840579710145	0.12077294685990338	0.1529790660225443	0.12077294685990338	0.23832528180354276
84	84	0.20765027322404378	0.14207650273224048	0.1438979963570128	0.13661202185792357	0.156648451730419	0.21311475409836073
85	85	0.16195856873822986	0.1487758945386065	0.1544256120527308	0.16760828625235416	0.15819209039548032	0.20903954802259897
86	86	0.15151515151515155	0.23400673400673405	0.1262626262626263	0.14814814814814817	0.13131313131313133	0.20875420875420878
87	87	0.1503267973856209	0.1388888888888889	0.23692810457516345	0.16176470588235292	0.14705882352941177	0.16503267973856206
88	88	0.12922705314009653	0.21014492753623182	0.12922705314009653	0.14251207729468587	0.18599033816425115	0.2028985507246376
89	89	0.15277777777777785	0.1822916666666667	0.13888888888888895	0.16840277777777782	0.1302083333333334	0.22743055555555564
90	90	0.15151515151515163	0.185858585858586	0.15151515151515163	0.185858585858586	0.15353535353535366	0.17171717171717185
91	91	0.17610062893081777	0.19496855345911965	0.15723270440251585	0.15723270440251585	0.15723270440251585	0.15723270440251585
92	92	0.12309368191721122	0.16448801742919383	0.167755991285403	0.13180827886710228	0.12200435729847484	0.29084967320261423
93	93	0.1798941798941799	0.17813051146384482	0.1322751322751323	0.16931216931216933	0.1322751322751323	0.20811287477954146
94	94	0.14619883040935683	0.16374269005847963	0.14619883040935683	0.20077972709551667	0.17933723196881105	0.16374269005847963
95	95	0.17171717171717182	0.1757575757575759	0.15151515151515163	0.16363636363636375	0.15151515151515163	0.18585858585858597
96	96	0.15555555555555564	0.19074074074074082	0.15555555555555564	0.17222222222222233	0.13888888888888898	0.18703703703703714
97	97	0.16086235489220563	0.14096185737976782	0.2222222222222222	0.14759535655058043	0.16417910447761191	0.16417910447761191
98	98	0.16969696969696985	0.15353535353535366	0.16161616161616174	0.15151515151515163	0.17777777777777792	0.185858585858586
99	99	0.17962962962962972	0.1425925925925927	0.13888888888888898	0.14814814814814825	0.16666666666666677	0.22407407407407418
100	100	0.1693989071038252	0.18032786885245908	0.17304189435336984	0.15300546448087438	0.15300546448087438	0.1712204007285975
101	101	0.15432098765432112	0.17283950617283964	0.16255144032921823	0.15432098765432112	0.19135802469135818	0.16460905349794253
102	102	0.17078189300411536	0.1790123456790125	0.15432098765432112	0.15432098765432112	0.17078189300411536	0.17078189300411536
103	103	0.17948717948717963	0.17948717948717963	0.16025641025641038	0.16025641025641038	0.16025641025641038	0.16025641025641038
104	104	0.16752136752136754	0.19316239316239317	0.12820512820512822	0.13504273504273506	0.18632478632478633	0.18974358974358976
105	105	0.15370370370370381	0.15925925925925935	0.15185185185185196	0.14074074074074083	0.17962962962962972	0.21481481481481493
106	106	0.1666666666666668	0.14880952380952392	0.17063492063492078	0.14880952380952392	0.14880952380952392	0.21626984126984142
107	107	0.15798611111111116	0.1336805555555556	0.15451388888888895	0.1666666666666667	0.1927083333333334	0.1944444444444445
108	108	0.2911283376399655	0.186046511627907	0.06804478897502152	0.11800172265288542	0.10680447889750212	0.22997416020671835
109	109	0.17816091954023	0.1475095785440614	0.17816091954023	0.14367816091954033	0.14367816091954033	0.20881226053639856
110	110	0.23983739837398366	0.16260162601626005	0.13008130081300803	0.10433604336043353	0.16531165311653104	0.19783197831978316
111	111	0.20335429769392047	0.15932914046121607	0.1656184486373167	0.15723270440251585	0.15723270440251585	0.15723270440251585
112	112	0.13071895424836594	0.15555555555555547	0.17908496732026136	0.13071895424836594	0.1647058823529411	0.23921568627450976
113	113	0.17948717948717963	0.16025641025641038	0.16025641025641038	0.16025641025641038	0.16025641025641038	0.17948717948717963
114	114	0.24166666666666664	0.13472222222222213	0.1513888888888888	0.1069444444444444	0.19166666666666657	0.17361111111111102
115	115	0.1749069643806487	0.16321105794790017	0.19776714513556634	0.07123870281765024	0.1626794258373207	0.23019670388091454
116	116	0.14056224899598385	0.13922356091030783	0.15930388219544836	0.16599732262382855	0.13788487282463177	0.2570281124497992
117	117	0.1832358674463937	0.13157894736842096	0.1091617933723196	0.13937621832358668	0.24074074074074064	0.19590643274853795
118	118	0.15723270440251583	0.15932914046121605	0.15723270440251583	0.15723270440251583	0.17610062893081774	0.19287211740041943
119	119	0.15432098765432112	0.1666666666666668	0.16255144032921823	0.15432098765432112	0.15432098765432112	0.2078189300411524
120	120	0.16225749559082894	0.16931216931216933	0.14814814814814817	0.16754850088183423	0.13932980599647268	0.21340388007054675
121	121	0.18996415770609323	0.1451612903225807	0.16308243727598573	0.13440860215053768	0.14874551971326172	0.21863799283154128
122	122	0.19967793880837356	0.12077294685990338	0.16747181964573266	0.13365539452495975	0.19323671497584538	0.18518518518518517
123	123	0.18402777777777782	0.1979166666666667	0.1319444444444445	0.15625000000000006	0.1336805555555556	0.1961805555555556
124	124	0.15517241379310354	0.17049808429118785	0.1590038314176246	0.17049808429118785	0.17432950191570892	0.17049808429118785
125	125	0.17283950617283964	0.15432098765432112	0.15432098765432112	0.15432098765432112	0.17283950617283964	0.19135802469135818
126	126	0.17432950191570892	0.16475095785440624	0.1570881226053641	0.14559386973180086	0.1590038314176246	0.19923371647509588
127	127	0.2722222222222221	0.11388888888888883	0.16203703703703703	0.08611111111111107	0.1305555555555555	0.23518518518518514
128	128	0.17283950617283964	0.15432098765432112	0.17283950617283964	0.1666666666666668	0.1790123456790125	0.15432098765432112
129	129	0.16071428571428584	0.1666666666666668	0.1825396825396827	0.14880952380952392	0.1666666666666668	0.17460317460317473
130	130	0.1320450885668277	0.18518518518518517	0.12077294685990338	0.15942028985507245	0.16425120772946858	0.23832528180354276
131	131	0.26757369614512455	0.12811791383219942	0.1757369614512471	0.10544217687074822	0.18820861678004527	0.1349206349206348
132	132	0.1425925925925927	0.16666666666666677	0.21296296296296308	0.13888888888888898	0.17037037037037048	0.16851851851851862
133	133	0.1265822784810126	0.26300984528832627	0.14767932489451469	0.11111111111111106	0.16315049226441622	0.18846694796061875
134	134	0.17610062893081774	0.16561844863731667	0.15723270440251583	0.17610062893081774	0.15723270440251583	0.1677148846960169
135	135	0.16025641025641038	0.16025641025641038	0.16025641025641038	0.17948717948717963	0.17948717948717963	0.16025641025641038
136	136	0.16339869281045763	0.16339869281045763	0.16339869281045763	0.16339869281045763	0.18300653594771255	0.16339869281045763
137	137	0.12638888888888883	0.21388888888888888	0.16944444444444434	0.1513888888888888	0.1194444444444444	0.21944444444444441
138	138	0.1575757575757577	0.18787878787878803	0.15151515151515163	0.16969696969696985	0.18181818181818196	0.15151515151515163
139	139	0.1600753295668551	0.15630885122410557	0.17514124293785321	0.17890772128060276	0.18644067796610178	0.1431261770244822
140	140	0.1365079365079365	0.15079365079365076	0.1714285714285714	0.16190476190476188	0.20952380952380953	0.16984126984126982
141	141	0.18312757201646104	0.18106995884773677	0.15432098765432112	0.17283950617283964	0.15432098765432112	0.15432098765432112
142	142	0.17208672086720858	0.16666666666666657	0.16260162601626008	0.12330623306233057	0.15040650406504055	0.2249322493224932
143	143	0.16025641025641038	0.16025641025641038	0.16025641025641038	0.17948717948717963	0.17948717948717963	0.16025641025641038
144	144	0.15432098765432112	0.19135802469135818	0.15432098765432112	0.17283950617283964	0.16255144032921823	0.16460905349794253
145	145	0.16161616161616163	0.1632996632996633	0.1565656565656566	0.15993265993265993	0.14814814814814817	0.21043771043771045
146	146	0.20498084291187751	0.1475095785440614	0.14942528735632193	0.14367816091954033	0.21072796934865912	0.14367816091954033
147	147	0.14951989026063092	0.14814814814814806	0.13443072702331954	0.14814814814814806	0.2249657064471879	0.19478737997256507
148	148	0.1572649572649573	0.17264957264957265	0.1435897435897436	0.18974358974358976	0.16068376068376072	0.17606837606837608
149	149	0.18128654970760247	0.16374269005847963	0.18128654970760247	0.14619883040935683	0.18128654970760247	0.14619883040935683
150	150	0.12721417069243157	0.13687600644122383	0.23671497584541068	0.12077294685990338	0.19967793880837356	0.178743961352657
151	151	0.23090277777777787	0.1302083333333334	0.1354166666666667	0.1302083333333334	0.2118055555555556	0.1614583333333334
152	152	0.15819209039548032	0.15819209039548032	0.16195856873822986	0.14124293785310743	0.18267419962335227	0.19774011299435038
153	153	0.14593698175787728	0.12437810945273632	0.23880597014925384	0.12769485903814262	0.16583747927031506	0.19734660033167495
154	154	0.16025641025641038	0.16025641025641038	0.17948717948717963	0.17948717948717963	0.16025641025641038	0.16025641025641038
155	155	0.17738791423001962	0.1617933723196882	0.1695906432748539	0.14619883040935683	0.19883040935672525	0.14619883040935683
156	156	0.19135802469135818	0.15432098765432112	0.16255144032921823	0.18312757201646104	0.15432098765432112	0.15432098765432112
157	157	0.14241001564945227	0.17683881064162751	0.14553990610328638	0.17214397496087636	0.13145539906103287	0.23161189358372467
158	158	0.15009746588693967	0.14814814814814825	0.14619883040935683	0.19688109161793382	0.16374269005847963	0.1949317738791424
159	159	0.1754385964912282	0.17153996101364533	0.14619883040935683	0.1520467836257311	0.15399610136452252	0.20077972709551667
160	160	0.1990049751243781	0.18076285240464343	0.14262023217247097	0.12603648424543948	0.18905472636815918	0.16252072968490877
161	161	0.15723270440251583	0.15932914046121605	0.17610062893081774	0.17610062893081774	0.15723270440251583	0.17400419287211752
162	162	0.1319444444444445	0.1475694444444445	0.2135416666666667	0.1475694444444445	0.18576388888888895	0.17361111111111116
163	163	0.17373737373737388	0.15353535353535366	0.15555555555555567	0.15151515151515163	0.16565656565656578	0.20000000000000012
164	164	0.26328502415458926	0.11835748792270522	0.1256038647342994	0.09782608695652167	0.12198067632850232	0.2729468599033815
165	165	0.12146892655367224	0.22316384180790952	0.1779661016949152	0.11016949152542364	0.1977401129943502	0.16949152542372875
166	166	0.1693989071038252	0.16393442622950827	0.16029143897996365	0.1693989071038252	0.15846994535519132	0.17850637522768675
167	167	0.18128654970760247	0.17738791423001962	0.15009746588693967	0.14619883040935683	0.1520467836257311	0.19298245614035098
168	168	0.1548269581056467	0.1693989071038252	0.15118397085610208	0.13661202185792357	0.2240437158469946	0.16393442622950827
169	169	0.16255144032921823	0.20987654320987667	0.1543209876543211	0.1543209876543211	0.1543209876543211	0.1646090534979425
170	170	0.15789473684210537	0.16374269005847963	0.14619883040935683	0.17933723196881105	0.16374269005847963	0.18908382066276813
171	171	0.1319444444444445	0.2100694444444445	0.18402777777777782	0.14409722222222227	0.1302083333333334	0.19965277777777785
172	172	0.1951566951566951	0.1424501424501424	0.1894586894586894	0.1125356125356125	0.2022792022792022	0.15811965811965806
173	173	0.16352201257861648	0.16561844863731667	0.15723270440251583	0.188679245283019	0.15723270440251583	0.1677148846960169
174	174	0.18452380952380967	0.15476190476190488	0.14880952380952392	0.14880952380952392	0.1666666666666668	0.19642857142857156
175	175	0.17979797979797993	0.18787878787878803	0.15151515151515163	0.15151515151515163	0.15959595959595974	0.16969696969696985
176	176	0.15932914046121607	0.17819706498951796	0.15723270440251585	0.19077568134171924	0.15723270440251585	0.15723270440251585
177	177	0.16142557651991626	0.16142557651991626	0.15723270440251583	0.1719077568134173	0.15723270440251583	0.1907756813417192
178	178	0.19923371647509588	0.18007662835249053	0.16091954022988517	0.1570881226053641	0.14367816091954033	0.1590038314176246
179	179	0.15151515151515163	0.1575757575757577	0.15151515151515163	0.15151515151515163	0.16969696969696985	0.21818181818181834
180	180	0.16239316239316232	0.19943019943019938	0.13817663817663814	0.17094017094017086	0.12678062678062674	0.20227920227920226
181	181	0.22324159021406714	0.1518858307849133	0.1855249745158001	0.0795107033639143	0.21712538226299682	0.14271151885830774
182	182	0.1340388007054674	0.22927689594356265	0.1322751322751323	0.1940035273368607	0.14109347442680778	0.16931216931216933
183	183	0.16460905349794253	0.16049382716049396	0.16255144032921823	0.15432098765432112	0.15432098765432112	0.20370370370370383
184	184	0.14096185737976782	0.2056384742951907	0.13930348258706468	0.14096185737976782	0.13930348258706468	0.23383084577114427
185	185	0.17187500000000006	0.15277777777777785	0.19097222222222227	0.1319444444444445	0.1475694444444445	0.20486111111111116
186	186	0.14814814814814825	0.18713450292397674	0.14619883040935683	0.16569200779727106	0.1598440545808968	0.19298245614035098
187	187	0.18100358422939072	0.1523297491039427	0.18458781362007173	0.18100358422939072	0.1505376344086022	0.1505376344086022
188	188	0.1676767676767678	0.16161616161616174	0.15151515151515163	0.1676767676767678	0.15151515151515163	0.20000000000000012
189	189	0.18333333333333346	0.1777777777777779	0.15555555555555564	0.14814814814814825	0.14074074074074083	0.19444444444444453
190	190	0.1871345029239767	0.14619883040935683	0.18713450292397674	0.14619883040935683	0.15789473684210537	0.1754385964912282
191	191	0.15873015873015875	0.1851851851851852	0.16931216931216936	0.14814814814814817	0.17636684303350972	0.16225749559082894
192	192	0.16969696969696985	0.18787878787878803	0.15151515151515163	0.15151515151515163	0.15151515151515163	0.18787878787878803
193	193	0.15432098765432112	0.2098765432098767	0.15432098765432112	0.17283950617283964	0.15432098765432112	0.15432098765432112
194	194	0.16858237547892732	0.14367816091954033	0.14367816091954033	0.1628352490421457	0.16091954022988517	0.2203065134099618
195	195	0.15932914046121605	0.16142557651991626	0.15723270440251583	0.17400419287211752	0.15723270440251583	0.1907756813417192
196	196	0.15723270440251583	0.17819706498951796	0.15723270440251583	0.15723270440251583	0.17610062893081774	0.17400419287211752
197	197	0.17741935483870971	0.20967741935483877	0.1397849462365592	0.15770609318996423	0.13440860215053768	0.18100358422939072
198	198	0.16319444444444448	0.20312500000000006	0.13888888888888895	0.14236111111111116	0.15277777777777785	0.19965277777777785
199	199	0.16091954022988517	0.17049808429118785	0.16091954022988517	0.15517241379310354	0.14559386973180086	0.20689655172413804
200	200	0.18627450980392155	0.15359477124183007	0.1568627450980392	0.14052287581699346	0.16503267973856206	0.19771241830065356
201	201	0.13852813852813847	0.18181818181818174	0.1255411255411255	0.14718614718614711	0.10966810966810964	0.2972582972582972
202	202	0.16091954022988517	0.16475095785440624	0.16091954022988517	0.14367816091954033	0.14367816091954033	0.22605363984674343
203	203	0.16225749559082894	0.14814814814814817	0.20282186948853617	0.1322751322751323	0.14991181657848326	0.20458553791887127
204	204	0.1666666666666668	0.17078189300411536	0.16255144032921823	0.17283950617283964	0.15432098765432112	0.17283950617283964
205	205	0.16275430359937398	0.2441314553990611	0.16744913928012514	0.13145539906103285	0.1658841940532081	0.1283255086071987
206	206	0.16481481481481491	0.17592592592592604	0.1500000000000001	0.13888888888888898	0.16481481481481491	0.20555555555555566
207	207	0.14619883040935683	0.1949317738791424	0.16374269005847963	0.17348927875243678	0.14619883040935683	0.1754385964912282
208	208	0.17580872011251747	0.1659634317862165	0.13361462728551327	0.12939521800281287	0.13642756680731355	0.25879043600562585
209	209	0.15873015873015886	0.14880952380952392	0.18452380952380967	0.16468253968253982	0.19444444444444456	0.14880952380952392
210	210	0.09427609427609422	0.2255892255892255	0.16386083052749711	0.11560044893378217	0.1548821548821548	0.2457912457912457
211	211	0.16049382716049396	0.15432098765432112	0.17078189300411536	0.15432098765432112	0.16049382716049396	0.1995884773662553
212	212	0.167824074074074	0.16435185185185175	0.22569444444444436	0.13310185185185175	0.11689814814814806	0.19212962962962957
213	213	0.16190476190476188	0.18888888888888886	0.13015873015873017	0.21428571428571427	0.13333333333333333	0.1714285714285714
214	214	0.15789473684210537	0.14619883040935683	0.14619883040935683	0.14619883040935683	0.21637426900584808	0.1871345029239767
215	215	0.1657559198542806	0.20765027322404378	0.1438979963570128	0.1675774134790529	0.14207650273224048	0.1730418943533698
216	216	0.1666666666666668	0.15674603174603188	0.15079365079365092	0.14880952380952392	0.14880952380952392	0.22817460317460334
217	217	0.14993306559571612	0.21686746987951805	0.12583668005354748	0.12583668005354748	0.13119143239625158	0.25033467202141896
218	218	0.15432098765432112	0.2078189300411524	0.15432098765432112	0.1563786008230454	0.16049382716049396	0.1666666666666668
219	219	0.18461538461538463	0.158974358974359	0.16923076923076924	0.12820512820512822	0.1572649572649573	0.20170940170940171
220	220	0.16339869281045763	0.18300653594771255	0.16339869281045763	0.16339869281045763	0.16339869281045763	0.16339869281045763
221	221	0.17094017094017105	0.17948717948717963	0.16025641025641038	0.16025641025641038	0.16025641025641038	0.16880341880341893
222	222	0.16049382716049396	0.1584362139917697	0.15432098765432112	0.17283950617283964	0.15432098765432112	0.1995884773662553
223	223	0.15949820788530472	0.1469534050179212	0.13440860215053768	0.16845878136200723	0.16308243727598573	0.2275985663082438
224	224	0.1563786008230454	0.197530864197531	0.15432098765432112	0.15432098765432112	0.17283950617283964	0.16460905349794253
225	225	0.1523297491039427	0.21505376344086027	0.15770609318996423	0.18100358422939072	0.15949820788530472	0.13440860215053768
226	226	0.1568627450980392	0.13725490196078433	0.15686274509803919	0.12254901960784313	0.22058823529411764	0.20588235294117646
227	227	0.1397849462365592	0.17562724014336922	0.19892473118279574	0.13440860215053768	0.1433691756272402	0.20788530465949825
228	228	0.1805555555555556	0.14409722222222227	0.15798611111111116	0.18402777777777782	0.14236111111111116	0.19097222222222227
229	229	0.19534050179211476	0.1505376344086022	0.1451612903225807	0.18100358422939072	0.19175627240143375	0.1362007168458782
230	230	0.1319444444444445	0.17013888888888892	0.1302083333333334	0.14409722222222227	0.1979166666666667	0.22569444444444453
231	231	0.16380297823596784	0.12943871706758292	0.11683848797250848	0.20962199312714766	0.1420389461626574	0.23825887743413504
232	232	0.2947202521670607	0.10795902285263992	0.12529550827423172	0.08983451536643026	0.21828211189913327	0.1639085894405044
233	233	0.16740740740740737	0.1555555555555555	0.16148148148148142	0.12740740740740739	0.18666666666666662	0.20148148148148146
234	234	0.14367816091954033	0.1839080459770116	0.14367816091954033	0.14367816091954033	0.14367816091954033	0.2413793103448277
235	235	0.20202020202020216	0.15151515151515163	0.16565656565656578	0.16969696969696985	0.15555555555555567	0.15555555555555567
236	236	0.18312757201646104	0.15432098765432112	0.15432098765432112	0.19135802469135818	0.15432098765432112	0.16255144032921823
237	237	0.16569200779727106	0.19883040935672525	0.1520467836257311	0.15594541910331394	0.14619883040935683	0.18128654970760247
238	238	0.16255144032921823	0.19135802469135818	0.1584362139917697	0.17283950617283964	0.15432098765432112	0.16049382716049396
239	239	0.1823899371069184	0.15723270440251585	0.1656184486373167	0.15723270440251585	0.18029350104821817	0.15723270440251585
240	240	0.1475095785440614	0.1475095785440614	0.16091954022988517	0.14559386973180086	0.14367816091954033	0.2547892720306515
241	241	0.15723270440251583	0.17819706498951796	0.15723270440251583	0.17610062893081774	0.15723270440251583	0.17400419287211752
242	242	0.15091210613598677	0.16086235489220566	0.16417910447761194	0.15422885572139305	0.15091210613598677	0.21890547263681595
243	243	0.12273901808785523	0.30103359173126604	0.152454780361757	0.12015503875968986	0.1149870801033591	0.1886304909560723
244	244	0.17325800376647846	0.18455743879472702	0.14124293785310743	0.1544256120527308	0.15819209039548032	0.18832391713747657
245	245	0.20611916264090174	0.14009661835748793	0.13043478260869565	0.1545893719806763	0.13043478260869565	0.23832528180354276
246	246	0.15757575757575767	0.16969696969696982	0.15151515151515163	0.16363636363636375	0.18989898989899004	0.16767676767676779
247	247	0.1666666666666668	0.14880952380952392	0.14880952380952392	0.1666666666666668	0.19642857142857156	0.17261904761904776
248	248	0.15674603174603188	0.15079365079365092	0.14880952380952392	0.20833333333333348	0.14880952380952392	0.18650793650793665
249	249	0.15723270440251583	0.15723270440251583	0.15723270440251583	0.15723270440251583	0.15723270440251583	0.2138364779874215
250	250	0.17171717171717185	0.185858585858586	0.15555555555555567	0.15353535353535366	0.16363636363636377	0.16969696969696985
251	251	0.17187500000000006	0.17708333333333337	0.15277777777777785	0.1614583333333334	0.14409722222222227	0.1927083333333334
252	252	0.17171717171717185	0.16363636363636377	0.16969696969696985	0.1575757575757577	0.185858585858586	0.15151515151515163
253	253	0.1319444444444445	0.1979166666666667	0.1302083333333334	0.1475694444444445	0.1614583333333334	0.23090277777777787
254	254	0.19020715630885132	0.1600753295668551	0.17514124293785321	0.14124293785310743	0.15065913370998127	0.18267419962335227
255	255	0.13526570048309178	0.18035426731078902	0.178743961352657	0.13687600644122383	0.13526570048309178	0.23349436392914658
256	256	0.15798611111111116	0.1649305555555556	0.15451388888888895	0.1805555555555556	0.1458333333333334	0.1961805555555556
257	257	0.15723270440251583	0.1719077568134173	0.15723270440251583	0.17610062893081774	0.1677148846960169	0.1698113207547171
258	258	0.16725146198830398	0.1543859649122806	0.14970760233918118	0.10760233918128648	0.1567251461988303	0.26432748538011686
259	259	0.14629629629629637	0.2333333333333334	0.15370370370370376	0.14814814814814822	0.13888888888888895	0.17962962962962967
260	260	0.1397479954180984	0.12714776632302396	0.21420389461626568	0.12142038946162648	0.1809851088201603	0.21649484536082467
261	261	0.1927083333333334	0.1510416666666667	0.1302083333333334	0.1458333333333334	0.1458333333333334	0.23437500000000008
262	262	0.1431261770244822	0.15065913370998127	0.15819209039548032	0.17325800376647846	0.20150659133709992	0.17325800376647846
263	263	0.17351598173515975	0.17199391171993905	0.13089802130898018	0.15372907153729068	0.12785388127853878	0.24200913242009137
264	264	0.14367816091954033	0.24712643678160937	0.1475095785440614	0.1570881226053641	0.14559386973180086	0.1590038314176246
265	265	0.19916142557652006	0.15723270440251583	0.15723270440251583	0.15723270440251583	0.15723270440251583	0.1719077568134173
266	266	0.22558922558922564	0.19023569023569026	0.13131313131313133	0.15824915824915828	0.14141414141414144	0.15319865319865322
267	267	0.1666666666666668	0.14880952380952392	0.1666666666666668	0.17857142857142871	0.14880952380952392	0.1904761904761906
268	268	0.15432098765432112	0.19135802469135818	0.15432098765432112	0.15432098765432112	0.15432098765432112	0.19135802469135818
269	269	0.20138888888888895	0.1597222222222223	0.17013888888888892	0.1319444444444445	0.19097222222222227	0.1458333333333334
270	270	0.17933723196881105	0.16374269005847963	0.14619883040935683	0.14619883040935683	0.16374269005847963	0.20077972709551667
271	271	0.14367816091954033	0.19923371647509588	0.16091954022988517	0.14367816091954033	0.14367816091954033	0.20881226053639856
272	272	0.16339869281045763	0.16339869281045763	0.16339869281045763	0.16339869281045763	0.16339869281045763	0.18300653594771255
273	273	0.16142557651991626	0.20545073375262068	0.15723270440251585	0.16142557651991626	0.15723270440251585	0.15723270440251585
274	274	0.15819209039548032	0.1431261770244822	0.14124293785310743	0.17514124293785321	0.18455743879472702	0.19774011299435038
275	275	0.1956181533646322	0.15649452269170577	0.13302034428794993	0.13145539906103287	0.14553990610328638	0.23787167449139285
276	276	0.15594541910331394	0.15399610136452252	0.1754385964912282	0.1754385964912282	0.14619883040935683	0.19298245614035098
277	277	0.15432098765432112	0.19135802469135818	0.15432098765432112	0.19135802469135818	0.15432098765432112	0.15432098765432112
278	278	0.15151515151515163	0.187878787878788	0.15151515151515163	0.15151515151515163	0.15151515151515163	0.20606060606060617
279	279	0.17373737373737388	0.1757575757575759	0.16969696969696985	0.16565656565656578	0.15151515151515163	0.16363636363636377
280	280	0.15151515151515163	0.16969696969696985	0.15151515151515163	0.16969696969696985	0.15151515151515163	0.2060606060606062
281	281	0.15432098765432112	0.17283950617283964	0.1563786008230454	0.17283950617283964	0.1893004115226339	0.15432098765432112
282	282	0.156648451730419	0.18032786885245908	0.18761384335154832	0.13661202185792357	0.18032786885245908	0.15846994535519132
283	283	0.16666666666666677	0.18199233716475108	0.14367816091954033	0.16666666666666677	0.19731800766283536	0.14367816091954033
284	284	0.14619883040935683	0.15594541910331394	0.14619883040935683	0.18128654970760247	0.15399610136452252	0.21637426900584808
285	285	0.16393442622950827	0.14754098360655743	0.1693989071038252	0.14754098360655743	0.1967213114754099	0.17486338797814213
286	286	0.14052287581699346	0.1699346405228758	0.1568627450980392	0.20424836601307186	0.12254901960784313	0.20588235294117646
287	287	0.1441441441441441	0.11911911911911902	0.16516516516516508	0.1671671671671671	0.115115115115115	0.2892892892892891
288	288	0.17658730158730174	0.15476190476190488	0.14880952380952392	0.14880952380952392	0.1666666666666668	0.2043650793650795
289	289	0.14880952380952392	0.2043650793650795	0.1666666666666668	0.14880952380952392	0.14880952380952392	0.1825396825396827
290	290	0.18787878787878803	0.16969696969696985	0.15151515151515163	0.15151515151515163	0.18787878787878803	0.15151515151515163
291	291	0.17078189300411536	0.15432098765432112	0.15432098765432112	0.19135802469135818	0.1563786008230454	0.17283950617283964
292	292	0.1375661375661376	0.19753086419753088	0.17636684303350972	0.1322751322751323	0.15167548500881836	0.20458553791887127
293	293	0.1239316239316239	0.18091168091168083	0.1894586894586894	0.1438746438746438	0.1424501424501424	0.21937321937321938
294	294	0.15412186379928322	0.22401433691756278	0.1505376344086022	0.17921146953405023	0.13440860215053768	0.15770609318996423
295	295	0.15476190476190488	0.17658730158730174	0.17063492063492078	0.14880952380952392	0.14880952380952392	0.20039682539682552
296	296	0.14124293785310743	0.17514124293785321	0.14124293785310743	0.20903954802259897	0.15254237288135603	0.18079096045197748
297	297	0.19393939393939408	0.1575757575757577	0.17777777777777792	0.15151515151515163	0.15151515151515163	0.1676767676767678
298	298	0.1649305555555556	0.15277777777777785	0.1302083333333334	0.16840277777777782	0.1927083333333334	0.19097222222222227
299	299	0.16025641025641038	0.16025641025641038	0.1623931623931625	0.17735042735042747	0.16025641025641038	0.17948717948717963
300	300	0.22424242424242438	0.15151515151515163	0.15151515151515163	0.15151515151515163	0.15151515151515163	0.16969696969696985
301	301	0.1911111111111111	0.14222222222222217	0.11111111111111109	0.1718518518518518	0.16296296296296292	0.22074074074074074
302	302	0.20555555555555566	0.14074074074074083	0.15555555555555564	0.1740740740740742	0.15555555555555564	0.16851851851851862
303	303	0.17283950617283964	0.1584362139917697	0.15432098765432112	0.15432098765432112	0.15432098765432112	0.20576131687242813
304	304	0.16025641025641038	0.17948717948717963	0.16025641025641038	0.16025641025641038	0.16025641025641038	0.17948717948717963
305	305	0.15432098765432112	0.15432098765432112	0.15432098765432112	0.15432098765432112	0.2098765432098767	0.17283950617283964
306	306	0.17816091954023	0.14367816091954033	0.17816091954023	0.14367816091954033	0.14942528735632193	0.20689655172413804
307	307	0.2088122605363984	0.13218390804597693	0.23659003831417613	0.12164750957854396	0.18199233716475088	0.11877394636015316
308	308	0.19999999999999993	0.15321637426900575	0.12514619883040926	0.14502923976608176	0.2502923976608186	0.1263157894736841
309	309	0.15432098765432112	0.1687242798353911	0.15432098765432112	0.15432098765432112	0.16255144032921823	0.20576131687242813
310	310	0.2881226053639847	0.1540229885057472	0.08582375478927204	0.11187739463601537	0.08659003831417625	0.27356321839080466
311	311	0.1367521367521367	0.2321937321937322	0.1239316239316239	0.17378917378917372	0.16381766381766374	0.16951566951566943
312	312	0.1520467836257311	0.16374269005847963	0.14619883040935683	0.14619883040935683	0.22807017543859662	0.16374269005847963
313	313	0.15824915824915828	0.15993265993265993	0.1262626262626263	0.1632996632996633	0.1565656565656566	0.23569023569023573
314	314	0.175438596491228	0.22660818713450293	0.11988304093567248	0.12573099415204675	0.13157894736842102	0.22076023391812866
