#doc name topic proportion ...
0	0	0.20754716981132076	0.20754716981132076	0.18867924528301888	0.18867924528301888	0.20754716981132076
1	1	0.18724279835390947	0.18518518518518517	0.19135802469135801	0.2222222222222222	0.2139917695473251
2	2	0.20662768031189083	0.18518518518518517	0.19883040935672514	0.19103313840155944	0.21832358674463936
3	3	0.17543859649122806	0.19298245614035087	0.17543859649122806	0.17543859649122806	0.2807017543859649
4	4	0.18333333333333332	0.1814814814814815	0.19074074074074074	0.24259259259259258	0.20185185185185187
5	5	0.1421188630490956	0.16020671834625322	0.12015503875968993	0.27906976744186046	0.29844961240310075
6	6	0.12388250319284802	0.16219667943805874	0.20945083014048532	0.21711366538952745	0.28735632183908044
7	7	0.2013888888888889	0.22569444444444445	0.1892361111111111	0.171875	0.21180555555555555
8	8	0.14666666666666667	0.18814814814814815	0.15259259259259259	0.35703703703703704	0.15555555555555556
9	9	0.18253968253968253	0.17857142857142858	0.19047619047619047	0.23412698412698413	0.21428571428571427
10	10	0.19489981785063754	0.16393442622950818	0.19489981785063754	0.18761384335154827	0.2586520947176685
11	11	0.18518518518518517	0.19958847736625515	0.18518518518518517	0.2448559670781893	0.18518518518518517
12	12	0.15625	0.1875	0.15625	0.2204861111111111	0.2795138888888889
13	13	0.2049062049062049	0.20346320346320346	0.16305916305916307	0.240981240981241	0.18759018759018758
14	14	0.19595959595959597	0.18181818181818182	0.18585858585858586	0.23636363636363636	0.2
15	15	0.21025641025641026	0.16923076923076924	0.16923076923076924	0.16923076923076924	0.28205128205128205
16	16	0.17890772128060264	0.1902071563088512	0.17325800376647835	0.1713747645951036	0.2862523540489642
17	17	0.21052631578947367	0.21052631578947367	0.17543859649122806	0.19298245614035087	0.21052631578947367
18	18	0.21428571428571427	0.23214285714285715	0.17857142857142858	0.19642857142857142	0.17857142857142858
19	19	0.18518518518518517	0.2222222222222222	0.2037037037037037	0.18518518518518517	0.2037037037037037
20	20	0.14705882352941177	0.14705882352941177	0.21405228758169934	0.24183006535947713	0.25
21	21	0.1928721174004193	0.18867924528301888	0.18867924528301888	0.2222222222222222	0.20754716981132076
22	22	0.18032786885245902	0.20947176684881602	0.1766848816029144	0.2204007285974499	0.21311475409836064
23	23	0.15	0.125	0.14166666666666666	0.2833333333333333	0.3
24	24	0.19005847953216373	0.20906432748538012	0.17105263157894737	0.15350877192982457	0.27631578947368424
25	25	0.2037037037037037	0.18518518518518517	0.2037037037037037	0.18518518518518517	0.2222222222222222
26	26	0.17407407407407408	0.17901234567901234	0.1962962962962963	0.24691358024691357	0.2037037037037037
27	27	0.1962962962962963	0.17962962962962964	0.21481481481481482	0.20925925925925926	0.2
28	28	0.17624521072796934	0.20689655172413793	0.1896551724137931	0.1724137931034483	0.2547892720306513
29	29	0.2	0.18333333333333332	0.21666666666666667	0.2	0.2
30	30	0.17543859649122806	0.21052631578947367	0.21052631578947367	0.17543859649122806	0.22807017543859648
31	31	0.2222222222222222	0.21428571428571427	0.1884920634920635	0.19642857142857142	0.17857142857142858
32	32	0.18032786885245902	0.20218579234972678	0.20765027322404372	0.16393442622950818	0.2459016393442623
33	33	0.14599483204134367	0.16795865633074936	0.2222222222222222	0.1821705426356589	0.28165374677002586
34	34	0.19047619047619047	0.20634920634920634	0.19576719576719576	0.1693121693121693	0.23809523809523808
35	35	0.1884920634920635	0.23214285714285715	0.19246031746031747	0.20833333333333334	0.17857142857142858
36	36	0.14814814814814814	0.15384615384615385	0.27635327635327633	0.21652421652421652	0.20512820512820512
37	37	0.14925373134328357	0.1625207296849088	0.1691542288557214	0.24875621890547264	0.2703150912106136
38	38	0.20043572984749455	0.2113289760348584	0.19607843137254902	0.19607843137254902	0.19607843137254902
39	39	0.17867867867867868	0.16216216216216217	0.14114114114114115	0.16216216216216217	0.35585585585585583
40	40	0.18333333333333332	0.2	0.18333333333333332	0.18518518518518517	0.24814814814814815
41	41	0.18397085610200364	0.24772313296903462	0.17486338797814208	0.19672131147540983	0.19672131147540983
42	42	0.1791044776119403	0.22388059701492538	0.2802653399668325	0.15257048092868988	0.16417910447761194
43	43	0.24615384615384617	0.16923076923076924	0.17777777777777778	0.19145299145299147	0.2153846153846154
44	44	0.16176470588235295	0.17647058823529413	0.21241830065359477	0.20915032679738563	0.24019607843137256
45	45	0.19230769230769232	0.19230769230769232	0.21153846153846154	0.19230769230769232	0.21153846153846154
46	46	0.20272904483430798	0.17543859649122806	0.21637426900584794	0.17543859649122806	0.2300194931773879
47	47	0.1791044776119403	0.14925373134328357	0.22056384742951907	0.25870646766169153	0.19237147595356552
48	48	0.19270833333333334	0.1579861111111111	0.21006944444444445	0.21875	0.2204861111111111
49	49	0.23076923076923078	0.19230769230769232	0.19230769230769232	0.19230769230769232	0.19230769230769232
50	50	0.14847590953785644	0.14749262536873156	0.17010816125860373	0.22418879056047197	0.30973451327433627
51	51	0.18867924528301888	0.22641509433962265	0.18867924528301888	0.18867924528301888	0.20754716981132076
52	52	0.19753086419753085	0.19135802469135801	0.18518518518518517	0.2037037037037037	0.2222222222222222
53	53	0.18165784832451498	0.2698412698412698	0.1710758377425044	0.16225749559082892	0.21516754850088182
54	54	0.21746031746031746	0.14444444444444443	0.18571428571428572	0.1873015873015873	0.2650793650793651
55	55	0.22342995169082125	0.13043478260869565	0.25483091787439616	0.19806763285024154	0.1932367149758454
56	56	0.19923371647509577	0.18007662835249041	0.1724137931034483	0.1896551724137931	0.25862068965517243
57	57	0.18032786885245902	0.18032786885245902	0.21311475409836064	0.26229508196721313	0.16393442622950818
58	58	0.23655913978494625	0.16129032258064516	0.16487455197132617	0.1953405017921147	0.24193548387096775
59	59	0.21212121212121213	0.2	0.18787878787878787	0.18181818181818182	0.21818181818181817
60	60	0.1531986531986532	0.17003367003367004	0.234006734006734	0.23063973063973064	0.21212121212121213
61	61	0.16666666666666666	0.1875	0.171875	0.22743055555555555	0.2465277777777778
62	62	0.164021164021164	0.1746031746031746	0.2275132275132275	0.17989417989417988	0.25396825396825395
63	63	0.19230769230769232	0.21153846153846154	0.19230769230769232	0.21153846153846154	0.19230769230769232
64	64	0.18518518518518517	0.2222222222222222	0.18518518518518517	0.18518518518518517	0.2222222222222222
65	65	0.19682539682539682	0.14285714285714285	0.2126984126984127	0.22857142857142856	0.21904761904761905
66	66	0.19958847736625515	0.20781893004115226	0.18518518518518517	0.2222222222222222	0.18518518518518517
67	67	0.2	0.2	0.2	0.2	0.2
68	68	0.19607843137254902	0.19607843137254902	0.21568627450980393	0.19607843137254902	0.19607843137254902
69	69	0.1864406779661017	0.2015065913370998	0.1864406779661017	0.1713747645951036	0.2542372881355932
70	70	0.2	0.15714285714285714	0.18095238095238095	0.19206349206349208	0.2698412698412698
71	71	0.19230769230769232	0.19230769230769232	0.19230769230769232	0.19230769230769232	0.23076923076923078
72	72	0.14245014245014245	0.1282051282051282	0.24358974358974358	0.26638176638176636	0.21937321937321938
73	73	0.1579861111111111	0.171875	0.2517361111111111	0.21875	0.1996527777777778
74	74	0.19230769230769232	0.19230769230769232	0.21153846153846154	0.21153846153846154	0.19230769230769232
75	75	0.24094881398252185	0.20848938826466917	0.1735330836454432	0.13108614232209737	0.2459425717852684
76	76	0.2242798353909465	0.18518518518518517	0.18930041152263374	0.21604938271604937	0.18518518518518517
77	77	0.20634920634920634	0.17857142857142858	0.1884920634920635	0.1865079365079365	0.2400793650793651
78	78	0.22413793103448276	0.1896551724137931	0.18773946360153257	0.1743295019157088	0.22413793103448276
79	79	0.2037037037037037	0.20164609053497942	0.18518518518518517	0.205761316872428	0.2037037037037037
80	80	0.1875	0.1875	0.25	0.171875	0.203125
81	81	0.22420634920634921	0.20436507936507936	0.17857142857142858	0.19642857142857142	0.19642857142857142
82	82	0.15993265993265993	0.17676767676767677	0.23232323232323232	0.16835016835016836	0.26262626262626265
83	83	0.20611916264090177	0.16264090177133655	0.14492753623188406	0.17391304347826086	0.31239935587761675
84	84	0.16393442622950818	0.16393442622950818	0.18579234972677597	0.1930783242258652	0.29326047358834245
85	85	0.1807909604519774	0.19397363465160075	0.2015065913370998	0.2033898305084746	0.22033898305084745
86	86	0.18181818181818182	0.19528619528619529	0.1531986531986532	0.18686868686868688	0.2828282828282828
87	87	0.1650326797385621	0.20915032679738563	0.272875816993464	0.17647058823529413	0.17647058823529413
88	88	0.25	0.17028985507246377	0.22342995169082125	0.1473429951690821	0.20893719806763286
89	89	0.171875	0.1875	0.203125	0.15625	0.28125
90	90	0.19797979797979798	0.23434343434343435	0.18383838383838383	0.18383838383838383	0.2
91	91	0.2431865828092243	0.18867924528301888	0.18867924528301888	0.19077568134171907	0.18867924528301888
92	92	0.1895424836601307	0.1655773420479303	0.22440087145969498	0.12854030501089325	0.29193899782135074
93	93	0.2698412698412698	0.15873015873015872	0.15873015873015872	0.20634920634920634	0.20634920634920634
94	94	0.17543859649122806	0.21052631578947367	0.18908382066276802	0.19298245614035087	0.23196881091617932
95	95	0.2404040404040404	0.19393939393939394	0.18181818181818182	0.18383838383838383	0.2
96	96	0.16666666666666666	0.2	0.2	0.18333333333333332	0.25
97	97	0.15091210613598674	0.16417910447761194	0.3101160862354892	0.18076285240464346	0.19402985074626866
98	98	0.18181818181818182	0.2101010101010101	0.21818181818181817	0.1898989898989899	0.2
99	99	0.22407407407407406	0.17407407407407408	0.1685185185185185	0.18703703703703703	0.2462962962962963
100	100	0.19672131147540983	0.20036429872495445	0.16393442622950818	0.22404371584699453	0.21493624772313297
101	101	0.18518518518518517	0.18518518518518517	0.2037037037037037	0.2222222222222222	0.2037037037037037
102	102	0.2037037037037037	0.18518518518518517	0.2037037037037037	0.2037037037037037	0.2037037037037037
103	103	0.21153846153846154	0.19230769230769232	0.19230769230769232	0.21153846153846154	0.19230769230769232
104	104	0.20341880341880342	0.18974358974358974	0.16923076923076924	0.2	0.2376068376068376
105	105	0.16666666666666666	0.16666666666666666	0.18888888888888888	0.22037037037037038	0.2574074074074074
106	106	0.17857142857142858	0.17857142857142858	0.23214285714285715	0.19642857142857142	0.21428571428571427
107	107	0.16319444444444445	0.1875	0.19618055555555555	0.2048611111111111	0.2482638888888889
108	108	0.15848406546080965	0.1335055986218777	0.10335917312661498	0.25839793281653745	0.3462532299741602
109	109	0.22413793103448276	0.1724137931034483	0.1896551724137931	0.1724137931034483	0.2413793103448276
110	110	0.16937669376693767	0.13414634146341464	0.16666666666666666	0.3089430894308943	0.22086720867208673
111	111	0.19077568134171907	0.18867924528301888	0.20754716981132076	0.20545073375262055	0.20754716981132076
112	112	0.17908496732026144	0.17908496732026144	0.23660130718954248	0.16339869281045752	0.24183006535947713
113	113	0.21153846153846154	0.19230769230769232	0.19230769230769232	0.19230769230769232	0.21153846153846154
114	114	0.16111111111111112	0.125	0.18472222222222223	0.3111111111111111	0.21805555555555556
115	115	0.10845295055821372	0.0935672514619883	0.2711323763955343	0.22381711855396066	0.30303030303030304
116	116	0.18741633199464525	0.18072289156626506	0.24096385542168675	0.15528781793842034	0.23560910307898258
117	117	0.1530214424951267	0.12962962962962962	0.13255360623781676	0.24951267056530213	0.33528265107212474
118	118	0.18867924528301888	0.18867924528301888	0.18867924528301888	0.18867924528301888	0.24528301886792453
119	119	0.19753086419753085	0.1934156378600823	0.18518518518518517	0.2037037037037037	0.22016460905349794
120	120	0.20458553791887124	0.20105820105820105	0.164021164021164	0.19047619047619047	0.23985890652557318
121	121	0.23297491039426524	0.1935483870967742	0.17025089605734767	0.1935483870967742	0.20967741935483872
122	122	0.1610305958132045	0.15780998389694043	0.214170692431562	0.26570048309178745	0.20128824476650564
123	123	0.2586805555555556	0.1996527777777778	0.17708333333333334	0.16145833333333334	0.203125
124	124	0.1724137931034483	0.1724137931034483	0.19731800766283525	0.22413793103448276	0.23371647509578544
125	125	0.18518518518518517	0.18518518518518517	0.18518518518518517	0.18518518518518517	0.25925925925925924
126	126	0.1724137931034483	0.1724137931034483	0.1724137931034483	0.20689655172413793	0.27586206896551724
127	127	0.17407407407407408	0.1111111111111111	0.23703703703703705	0.24444444444444444	0.23333333333333334
128	128	0.2037037037037037	0.2222222222222222	0.18518518518518517	0.2037037037037037	0.18518518518518517
129	129	0.23214285714285715	0.23214285714285715	0.17857142857142858	0.17857142857142858	0.17857142857142858
130	130	0.22061191626409019	0.2109500805152979	0.14653784219001612	0.17391304347826086	0.24798711755233493
131	131	0.14625850340136054	0.14852607709750568	0.24603174603174602	0.2619047619047619	0.19727891156462585
132	132	0.16666666666666666	0.2	0.22962962962962963	0.18703703703703703	0.21666666666666667
133	133	0.270042194092827	0.1518987341772152	0.1350210970464135	0.1518987341772152	0.2911392405063291
134	134	0.18867924528301888	0.20754716981132076	0.18867924528301888	0.18867924528301888	0.22641509433962265
135	135	0.21153846153846154	0.19230769230769232	0.19230769230769232	0.21153846153846154	0.19230769230769232
136	136	0.19607843137254902	0.21568627450980393	0.19607843137254902	0.19607843137254902	0.19607843137254902
137	137	0.21805555555555556	0.15416666666666667	0.18611111111111112	0.12777777777777777	0.3138888888888889
138	138	0.18181818181818182	0.2	0.18181818181818182	0.23636363636363636	0.2
139	139	0.20527306967984935	0.2184557438794727	0.21657250470809794	0.1694915254237288	0.1902071563088512
140	140	0.16825396825396827	0.18095238095238095	0.2571428571428571	0.18888888888888888	0.20476190476190476
141	141	0.2222222222222222	0.2037037037037037	0.2037037037037037	0.18518518518518517	0.18518518518518517
142	142	0.14769647696476965	0.15989159891598917	0.21138211382113822	0.15853658536585366	0.3224932249322493
143	143	0.19230769230769232	0.21153846153846154	0.19230769230769232	0.21153846153846154	0.19230769230769232
144	144	0.18518518518518517	0.2037037037037037	0.18518518518518517	0.18518518518518517	0.24074074074074073
145	145	0.16666666666666666	0.18013468013468015	0.24074074074074073	0.17003367003367004	0.24242424242424243
146	146	0.1724137931034483	0.1743295019157088	0.19923371647509577	0.2624521072796935	0.19157088122605365
147	147	0.19753086419753085	0.16598079561042525	0.16186556927297668	0.2578875171467764	0.2167352537722908
148	148	0.16923076923076924	0.22905982905982905	0.16923076923076924	0.23247863247863249	0.2
149	149	0.20857699805068225	0.17738791423001948	0.22807017543859648	0.17543859649122806	0.21052631578947367
150	150	0.178743961352657	0.14492753623188406	0.31239935587761675	0.1610305958132045	0.2028985507246377
151	151	0.15625	0.15625	0.1857638888888889	0.2986111111111111	0.203125
152	152	0.1902071563088512	0.1694915254237288	0.21657250470809794	0.22033898305084745	0.2033898305084746
153	153	0.15091210613598674	0.1791044776119403	0.296849087893864	0.17081260364842454	0.2023217247097844
154	154	0.21153846153846154	0.21153846153846154	0.19230769230769232	0.19230769230769232	0.19230769230769232
155	155	0.22612085769980506	0.17738791423001948	0.20272904483430798	0.21832358674463936	0.17543859649122806
156	156	0.2037037037037037	0.2139917695473251	0.1934156378600823	0.18518518518518517	0.2037037037037037
157	157	0.20187793427230047	0.20031298904538342	0.18309859154929578	0.18309859154929578	0.23161189358372458
158	158	0.2124756335282651	0.22612085769980506	0.19298245614035087	0.17543859649122806	0.19298245614035087
159	159	0.19298245614035087	0.21052631578947367	0.17738791423001948	0.17543859649122806	0.24366471734892786
160	160	0.19402985074626866	0.14925373134328357	0.20066334991708126	0.23217247097844113	0.22388059701492538
161	161	0.18867924528301888	0.20754716981132076	0.20754716981132076	0.18867924528301888	0.20754716981132076
162	162	0.16319444444444445	0.1875	0.2743055555555556	0.203125	0.171875
163	163	0.18181818181818182	0.18181818181818182	0.21818181818181817	0.2	0.21818181818181817
164	164	0.16545893719806765	0.11352657004830918	0.16545893719806765	0.24396135265700483	0.3115942028985507
165	165	0.21092278719397364	0.1327683615819209	0.1817325800376648	0.211864406779661	0.2627118644067797
166	166	0.16939890710382513	0.1785063752276867	0.20036429872495445	0.2058287795992714	0.2459016393442623
167	167	0.22807017543859648	0.17543859649122806	0.17543859649122806	0.24561403508771928	0.17543859649122806
168	168	0.2167577413479053	0.1657559198542805	0.18761384335154827	0.2659380692167577	0.16393442622950818
169	169	0.1934156378600823	0.18518518518518517	0.19547325102880658	0.18518518518518517	0.24074074074074073
170	170	0.19883040935672514	0.21637426900584794	0.19298245614035087	0.17738791423001948	0.21442495126705652
171	171	0.2048611111111111	0.1701388888888889	0.17881944444444445	0.15625	0.2899305555555556
172	172	0.16096866096866097	0.14102564102564102	0.19943019943019943	0.23646723646723647	0.2621082621082621
173	173	0.1928721174004193	0.2180293501048218	0.1928721174004193	0.18867924528301888	0.20754716981132076
174	174	0.17857142857142858	0.17857142857142858	0.17857142857142858	0.23214285714285715	0.23214285714285715
175	175	0.2	0.18181818181818182	0.18181818181818182	0.23636363636363636	0.2
176	176	0.2222222222222222	0.21174004192872117	0.18867924528301888	0.18867924528301888	0.18867924528301888
177	177	0.18867924528301888	0.20754716981132076	0.18867924528301888	0.18867924528301888	0.22641509433962265
178	178	0.22796934865900384	0.18582375478927204	0.19923371647509577	0.1896551724137931	0.19731800766283525
179	179	0.18181818181818182	0.18383838383838383	0.19797979797979798	0.18181818181818182	0.2545454545454545
180	180	0.22507122507122507	0.19373219373219372	0.14814814814814814	0.18518518518518517	0.24786324786324787
181	181	0.12945973496432212	0.14475025484199797	0.12640163098878696	0.2742099898063201	0.3251783893985729
182	182	0.20282186948853614	0.23809523809523808	0.1675485008818342	0.19047619047619047	0.20105820105820105
183	183	0.1934156378600823	0.18518518518518517	0.20164609053497942	0.18724279835390947	0.23251028806584362
184	184	0.1824212271973466	0.16583747927031509	0.23880597014925373	0.16583747927031509	0.2470978441127695
185	185	0.171875	0.1579861111111111	0.1892361111111111	0.1875	0.2934027777777778
186	186	0.1949317738791423	0.2202729044834308	0.17738791423001948	0.17543859649122806	0.23196881091617932
187	187	0.22401433691756273	0.2114695340501792	0.2060931899641577	0.1917562724014337	0.16666666666666666
188	188	0.18181818181818182	0.19393939393939394	0.18181818181818182	0.18787878787878787	0.2545454545454545
189	189	0.21481481481481482	0.17592592592592593	0.17777777777777778	0.18333333333333332	0.24814814814814815
190	190	0.2202729044834308	0.18908382066276802	0.20077972709551656	0.1968810916179337	0.19298245614035087
191	191	0.18694885361552027	0.20634920634920634	0.20987654320987653	0.19047619047619047	0.20634920634920634
192	192	0.21818181818181817	0.18181818181818182	0.18181818181818182	0.18181818181818182	0.23636363636363636
193	193	0.2037037037037037	0.2037037037037037	0.18518518518518517	0.18518518518518517	0.2222222222222222
194	194	0.20306513409961685	0.1896551724137931	0.2222222222222222	0.19157088122605365	0.19348659003831417
195	195	0.19077568134171907	0.20545073375262055	0.1949685534591195	0.18867924528301888	0.22012578616352202
196	196	0.18867924528301888	0.20754716981132076	0.18867924528301888	0.18867924528301888	0.22641509433962265
197	197	0.2078853046594982	0.17921146953405018	0.16845878136200718	0.17025089605734767	0.27419354838709675
198	198	0.1875	0.171875	0.203125	0.1736111111111111	0.2638888888888889
199	199	0.22413793103448276	0.20689655172413793	0.1724137931034483	0.1724137931034483	0.22413793103448276
200	200	0.17973856209150327	0.16830065359477125	0.19117647058823528	0.18137254901960784	0.27941176470588236
201	201	0.20057720057720058	0.16883116883116883	0.19047619047619047	0.13997113997113997	0.30014430014430016
202	202	0.2164750957854406	0.1724137931034483	0.1896551724137931	0.1781609195402299	0.24329501915708812
203	203	0.1693121693121693	0.15873015873015872	0.26278659611992944	0.1746031746031746	0.2345679012345679
204	204	0.2037037037037037	0.2037037037037037	0.2037037037037037	0.18518518518518517	0.2037037037037037
205	205	0.19561815336463223	0.1564945226917058	0.20187793427230047	0.24882629107981222	0.19718309859154928
206	206	0.21851851851851853	0.18518518518518517	0.1962962962962963	0.2	0.2
207	207	0.21052631578947367	0.19298245614035087	0.19298245614035087	0.19298245614035087	0.21052631578947367
208	208	0.17721518987341772	0.16877637130801687	0.15611814345991562	0.1589310829817159	0.3389592123769339
209	209	0.18452380952380953	0.19444444444444445	0.21031746031746032	0.23214285714285715	0.17857142857142858
210	210	0.18181818181818182	0.1717171717171717	0.1840628507295174	0.15039281705948374	0.31200897867564537
211	211	0.18518518518518517	0.18518518518518517	0.2139917695473251	0.1934156378600823	0.2222222222222222
212	212	0.1736111111111111	0.14930555555555555	0.2673611111111111	0.1388888888888889	0.2708333333333333
213	213	0.15873015873015872	0.24603174603174602	0.14285714285714285	0.15714285714285714	0.29523809523809524
214	214	0.18908382066276802	0.19298245614035087	0.24366471734892786	0.17543859649122806	0.19883040935672514
215	215	0.21311475409836064	0.16393442622950818	0.16393442622950818	0.18214936247723132	0.2768670309653916
216	216	0.2123015873015873	0.18055555555555555	0.21428571428571427	0.17857142857142858	0.21428571428571427
217	217	0.1994645247657296	0.14457831325301204	0.1566265060240964	0.14725568942436412	0.35207496653279785
218	218	0.18518518518518517	0.18724279835390947	0.18518518518518517	0.18518518518518517	0.257201646090535
219	219	0.23076923076923078	0.1641025641025641	0.20341880341880342	0.22735042735042735	0.17435897435897435
220	220	0.21568627450980393	0.19607843137254902	0.19607843137254902	0.19607843137254902	0.19607843137254902
221	221	0.20085470085470086	0.19230769230769232	0.20085470085470086	0.19444444444444445	0.21153846153846154
222	222	0.18724279835390947	0.21193415637860083	0.1934156378600823	0.18518518518518517	0.2222222222222222
223	223	0.16845878136200718	0.1774193548387097	0.22043010752688172	0.20967741935483872	0.22401433691756273
224	224	0.2037037037037037	0.18518518518518517	0.2037037037037037	0.18518518518518517	0.2222222222222222
225	225	0.2025089605734767	0.22401433691756273	0.17921146953405018	0.2168458781362007	0.1774193548387097
226	226	0.16666666666666666	0.14705882352941177	0.21405228758169934	0.22712418300653595	0.24509803921568626
227	227	0.2060931899641577	0.16129032258064516	0.20967741935483872	0.17383512544802868	0.24910394265232974
228	228	0.1875	0.2048611111111111	0.2013888888888889	0.1875	0.21875
229	229	0.16487455197132617	0.2060931899641577	0.2060931899641577	0.25985663082437277	0.16308243727598568
230	230	0.1579861111111111	0.1701388888888889	0.15625	0.234375	0.28125
231	231	0.10996563573883161	0.19014891179839633	0.16151202749140894	0.17411225658648338	0.3642611683848797
232	232	0.11347517730496454	0.10007880220646179	0.1875492513790386	0.2624113475177305	0.33648542159180456
233	233	0.16148148148148148	0.16444444444444445	0.20592592592592593	0.22666666666666666	0.2414814814814815
234	234	0.1724137931034483	0.1896551724137931	0.1724137931034483	0.1724137931034483	0.29310344827586204
235	235	0.18181818181818182	0.2	0.19595959595959597	0.21818181818181817	0.20404040404040405
236	236	0.23045267489711935	0.2037037037037037	0.18518518518518517	0.19547325102880658	0.18518518518518517
237	237	0.22807017543859648	0.2046783625730994	0.19298245614035087	0.18128654970760233	0.19298245614035087
238	238	0.23045267489711935	0.20781893004115226	0.18930041152263374	0.18724279835390947	0.18518518518518517
239	239	0.18867924528301888	0.18867924528301888	0.1949685534591195	0.2389937106918239	0.18867924528301888
240	240	0.18773946360153257	0.1724137931034483	0.210727969348659	0.1724137931034483	0.2567049808429119
241	241	0.20754716981132076	0.18867924528301888	0.18867924528301888	0.18867924528301888	0.22641509433962265
242	242	0.16583747927031509	0.18739635157545606	0.24212271973466004	0.19071310116086235	0.21393034825870647
243	243	0.16666666666666666	0.14082687338501293	0.15891472868217055	0.1511627906976744	0.38242894056847543
244	244	0.1977401129943503	0.19962335216572505	0.1694915254237288	0.2033898305084746	0.2297551789077213
245	245	0.21256038647342995	0.19484702093397746	0.20611916264090177	0.17552334943639292	0.2109500805152979
246	246	0.2222222222222222	0.19393939393939394	0.18181818181818182	0.20202020202020202	0.2
247	247	0.17857142857142858	0.19642857142857142	0.19642857142857142	0.19642857142857142	0.23214285714285715
248	248	0.1884920634920635	0.24404761904761904	0.1884920634920635	0.17857142857142858	0.2003968253968254
249	249	0.18867924528301888	0.18867924528301888	0.20754716981132076	0.18867924528301888	0.22641509433962265
250	250	0.18181818181818182	0.18383838383838383	0.21414141414141413	0.20404040404040405	0.21616161616161617
251	251	0.2048611111111111	0.20833333333333334	0.171875	0.2013888888888889	0.21354166666666666
252	252	0.18181818181818182	0.18181818181818182	0.23636363636363636	0.2	0.2
253	253	0.203125	0.171875	0.1892361111111111	0.171875	0.2638888888888889
254	254	0.1807909604519774	0.1864406779661017	0.21657250470809794	0.17890772128060264	0.23728813559322035
255	255	0.23832528180354268	0.18840579710144928	0.17391304347826086	0.17391304347826086	0.22544283413848631
256	256	0.21875	0.1875	0.18055555555555555	0.1875	0.22569444444444445
257	257	0.18867924528301888	0.20754716981132076	0.18867924528301888	0.18867924528301888	0.22641509433962265
258	258	0.13099415204678364	0.1239766081871345	0.1672514619883041	0.2198830409356725	0.35789473684210527
259	259	0.16666666666666666	0.2	0.1814814814814815	0.16666666666666666	0.2851851851851852
260	260	0.1981672394043528	0.15578465063001146	0.28865979381443296	0.14432989690721648	0.21305841924398625
261	261	0.19618055555555555	0.171875	0.15625	0.24131944444444445	0.234375
262	262	0.1713747645951036	0.2015065913370998	0.2128060263653484	0.1864406779661017	0.2278719397363465
263	263	0.1963470319634703	0.1765601217656012	0.1689497716894977	0.1567732115677321	0.3013698630136986
264	264	0.2624521072796935	0.1839080459770115	0.1743295019157088	0.1724137931034483	0.20689655172413793
265	265	0.18867924528301888	0.22641509433962265	0.18867924528301888	0.20754716981132076	0.18867924528301888
266	266	0.1919191919191919	0.1750841750841751	0.18181818181818182	0.23905723905723905	0.21212121212121213
267	267	0.1884920634920635	0.19642857142857142	0.22023809523809523	0.19246031746031747	0.20238095238095238
268	268	0.18518518518518517	0.18518518518518517	0.2037037037037037	0.18518518518518517	0.24074074074074073
269	269	0.15625	0.15625	0.19791666666666666	0.22916666666666666	0.2604166666666667
270	270	0.17543859649122806	0.17543859649122806	0.17543859649122806	0.19298245614035087	0.2807017543859649
271	271	0.1724137931034483	0.1724137931034483	0.1896551724137931	0.1724137931034483	0.29310344827586204
272	272	0.19607843137254902	0.19607843137254902	0.19607843137254902	0.19607843137254902	0.21568627450980393
273	273	0.20754716981132076	0.20754716981132076	0.18867924528301888	0.18867924528301888	0.20754716981132076
274	274	0.1694915254237288	0.1864406779661017	0.1694915254237288	0.22033898305084745	0.2542372881355932
275	275	0.15805946791862285	0.1564945226917058	0.1784037558685446	0.22535211267605634	0.28169014084507044
276	276	0.19298245614035087	0.21442495126705652	0.21442495126705652	0.17543859649122806	0.20272904483430798
277	277	0.18518518518518517	0.2222222222222222	0.18518518518518517	0.18518518518518517	0.2222222222222222
278	278	0.18181818181818182	0.18181818181818182	0.18181818181818182	0.18181818181818182	0.2727272727272727
279	279	0.20202020202020202	0.19797979797979798	0.2	0.2	0.2
280	280	0.21818181818181817	0.2	0.2	0.18181818181818182	0.2
281	281	0.2037037037037037	0.2037037037037037	0.18724279835390947	0.20164609053497942	0.2037037037037037
282	282	0.20218579234972678	0.1894353369763206	0.20036429872495445	0.20947176684881602	0.19854280510018216
283	283	0.1896551724137931	0.1896551724137931	0.1724137931034483	0.2413793103448276	0.20689655172413793
284	284	0.17543859649122806	0.21052631578947367	0.19298245614035087	0.17543859649122806	0.24561403508771928
285	285	0.1894353369763206	0.1930783242258652	0.20218579234972678	0.21311475409836064	0.20218579234972678
286	286	0.238562091503268	0.25	0.17647058823529413	0.14705882352941177	0.18790849673202614
287	287	0.14214214214214213	0.17617617617617617	0.18018018018018017	0.15815815815815815	0.3433433433433433
288	288	0.18055555555555555	0.17857142857142858	0.2123015873015873	0.17857142857142858	0.25
289	289	0.23214285714285715	0.17857142857142858	0.19642857142857142	0.17857142857142858	0.21428571428571427
290	290	0.18181818181818182	0.18181818181818182	0.18181818181818182	0.2727272727272727	0.18181818181818182
291	291	0.2037037037037037	0.2222222222222222	0.18518518518518517	0.18518518518518517	0.2037037037037037
292	292	0.2222222222222222	0.1746031746031746	0.20634920634920634	0.15873015873015872	0.23809523809523808
293	293	0.2037037037037037	0.18091168091168092	0.21082621082621084	0.1737891737891738	0.23076923076923078
294	294	0.24910394265232974	0.16129032258064516	0.1774193548387097	0.1774193548387097	0.23476702508960573
295	295	0.21428571428571427	0.2123015873015873	0.19642857142857142	0.17857142857142858	0.1984126984126984
296	296	0.1713747645951036	0.23728813559322035	0.17702448210922786	0.1694915254237288	0.2448210922787194
297	297	0.26464646464646463	0.18181818181818182	0.18787878787878787	0.18181818181818182	0.18383838383838383
298	298	0.19791666666666666	0.19618055555555555	0.17708333333333334	0.21006944444444445	0.21875
299	299	0.19230769230769232	0.21367521367521367	0.2094017094017094	0.19230769230769232	0.19230769230769232
300	300	0.2	0.23636363636363636	0.18181818181818182	0.18181818181818182	0.2
301	301	0.2222222222222222	0.23851851851851852	0.16444444444444445	0.17333333333333334	0.20148148148148148
302	302	0.18333333333333332	0.23148148148148148	0.1685185185185185	0.21666666666666667	0.2
303	303	0.18518518518518517	0.18518518518518517	0.18518518518518517	0.18518518518518517	0.25925925925925924
304	304	0.19230769230769232	0.19230769230769232	0.21153846153846154	0.19230769230769232	0.21153846153846154
305	305	0.2037037037037037	0.18518518518518517	0.18518518518518517	0.2222222222222222	0.2037037037037037
306	306	0.20306513409961685	0.22413793103448276	0.210727969348659	0.1724137931034483	0.1896551724137931
307	307	0.15708812260536398	0.12739463601532566	0.31896551724137934	0.20402298850574713	0.1925287356321839
308	308	0.15906432748538013	0.17192982456140352	0.1649122807017544	0.29239766081871343	0.21169590643274855
309	309	0.18518518518518517	0.18518518518518517	0.18518518518518517	0.18518518518518517	0.25925925925925924
310	310	0.09885057471264368	0.15555555555555556	0.11570881226053639	0.19693486590038314	0.4329501915708812
311	311	0.21652421652421652	0.14102564102564102	0.1794871794871795	0.21082621082621084	0.25213675213675213
312	312	0.21052631578947367	0.17543859649122806	0.17738791423001948	0.24366471734892786	0.19298245614035087
313	313	0.1734006734006734	0.19865319865319866	0.16666666666666666	0.2037037037037037	0.25757575757575757
314	314	0.2222222222222222	0.14181286549707603	0.14473684210526316	0.20760233918128654	0.28362573099415206
315	315	0.22812192723697147	0.17404129793510326	0.16912487708947885	0.17699115044247787	0.25172074729596855
316	316	0.20164609053497942	0.2037037037037037	0.2037037037037037	0.18518518518518517	0.205761316872428
317	317	0.2222222222222222	0.2037037037037037	0.18518518518518517	0.18518518518518517	0.2037037037037037
318	318	0.20282186948853614	0.20458553791887124	0.1763668430335097	0.1763668430335097	0.23985890652557318
319	319	0.21851851851851853	0.1814814814814815	0.2111111111111111	0.17222222222222222	0.21666666666666667
320	320	0.19595959595959597	0.2222222222222222	0.18181818181818182	0.20202020202020202	0.19797979797979798
321	321	0.19791666666666666	0.13657407407407407	0.1412037037037037	0.2847222222222222	0.23958333333333334
322	322	0.17738791423001948	0.21052631578947367	0.17543859649122806	0.2124756335282651	0.22417153996101363
323	323	0.10766045548654245	0.07108350586611456	0.1725327812284334	0.36438923395445133	0.28433402346445824
324	324	0.18018018018018017	0.13513513513513514	0.22822822822822822	0.25825825825825827	0.1981981981981982
325	325	0.1774193548387097	0.17921146953405018	0.17383512544802868	0.2025089605734767	0.2670250896057348
326	326	0.19047619047619047	0.15079365079365079	0.17142857142857143	0.25873015873015875	0.22857142857142856
327	327	0.19298245614035087	0.19103313840155944	0.1793372319688109	0.21052631578947367	0.22612085769980506
328	328	0.1595744680851064	0.1288416075650118	0.15130023640661938	0.35106382978723405	0.20921985815602837
329	329	0.30859375	0.08637152777777778	0.16710069444444445	0.17664930555555555	0.2612847222222222
330	330	0.1840277777777778	0.18229166666666666	0.2204861111111111	0.2152777777777778	0.19791666666666666
331	331	0.1906906906906907	0.17417417417417416	0.17567567567567569	0.26576576576576577	0.19369369369369369
332	332	0.25234567901234567	0.1254320987654321	0.09234567901234568	0.20049382716049383	0.32938271604938274
333	333	0.1977401129943503	0.1958568738229755	0.24105461393596986	0.1694915254237288	0.1958568738229755
334	334	0.21153846153846154	0.19230769230769232	0.19230769230769232	0.19230769230769232	0.21153846153846154
335	335	0.18076285240464346	0.1791044776119403	0.1791044776119403	0.1724709784411277	0.2885572139303483
336	336	0.3148148148148148	0.15993265993265993	0.1717171717171717	0.15151515151515152	0.20202020202020202
337	337	0.18229166666666666	0.1875	0.19270833333333334	0.1875	0.25
338	338	0.2222222222222222	0.18518518518518517	0.18518518518518517	0.18518518518518517	0.2222222222222222
339	339	0.19618055555555555	0.171875	0.16319444444444445	0.265625	0.203125
340	340	0.2698412698412698	0.19047619047619047	0.1746031746031746	0.1746031746031746	0.19047619047619047
341	341	0.2261904761904762	0.17857142857142858	0.18452380952380953	0.17857142857142858	0.23214285714285715
342	342	0.19731800766283525	0.1724137931034483	0.1839080459770115	0.19157088122605365	0.2547892720306513
343	343	0.1634920634920635	0.17777777777777778	0.15873015873015872	0.15873015873015872	0.3412698412698413
344	344	0.20754716981132076	0.18867924528301888	0.18867924528301888	0.18867924528301888	0.22641509433962265
345	345	0.22768670309653916	0.18761384335154827	0.21129326047358835	0.18032786885245902	0.1930783242258652
346	346	0.24269005847953215	0.10916179337231968	0.15984405458089668	0.18518518518518517	0.3031189083820663
347	347	0.22380952380952382	0.15714285714285714	0.1634920634920635	0.14285714285714285	0.3126984126984127
348	348	0.1830065359477124	0.20588235294117646	0.19281045751633988	0.22712418300653595	0.19117647058823528
349	349	0.1579861111111111	0.203125	0.17881944444444445	0.2170138888888889	0.24305555555555555
350	350	0.2222222222222222	0.18518518518518517	0.16049382716049382	0.1746031746031746	0.25749559082892415
351	351	0.23297491039426524	0.17921146953405018	0.18458781362007168	0.1774193548387097	0.22580645161290322
352	352	0.20754716981132076	0.18867924528301888	0.18867924528301888	0.18867924528301888	0.22641509433962265
353	353	0.2347417840375587	0.15492957746478872	0.24882629107981222	0.19718309859154928	0.1643192488262911
354	354	0.18032786885245902	0.16393442622950818	0.21311475409836064	0.16393442622950818	0.2786885245901639
355	355	0.19230769230769232	0.21153846153846154	0.19230769230769232	0.21153846153846154	0.19230769230769232
356	356	0.17264957264957265	0.22735042735042735	0.21367521367521367	0.20170940170940171	0.18461538461538463
357	357	0.24765729585006693	0.13788487282463185	0.21151271753681392	0.16198125836680052	0.24096385542168675
358	358	0.22417153996101363	0.20857699805068225	0.17738791423001948	0.19883040935672514	0.19103313840155944
359	359	0.35185185185185186	0.18024691358024691	0.16913580246913582	0.14320987654320988	0.15555555555555556
360	360	0.18518518518518517	0.22727272727272727	0.19696969696969696	0.21212121212121213	0.17845117845117844
361	361	0.19077568134171907	0.2431865828092243	0.18867924528301888	0.18867924528301888	0.18867924528301888
362	362	0.30256410256410254	0.18461538461538463	0.15726495726495726	0.16923076923076924	0.18632478632478633
363	363	0.29572649572649573	0.17777777777777778	0.17264957264957265	0.18461538461538463	0.16923076923076924
364	364	0.18518518518518517	0.24074074074074073	0.18518518518518517	0.18518518518518517	0.2037037037037037
365	365	0.18773946360153257	0.1724137931034483	0.1743295019157088	0.22413793103448276	0.2413793103448276
366	366	0.12485681557846506	0.13516609392898052	0.21305841924398625	0.15693012600229095	0.3699885452462772
367	367	0.21616161616161617	0.18181818181818182	0.20202020202020202	0.2	0.2
368	368	0.16666666666666666	0.15151515151515152	0.18855218855218855	0.1919191919191919	0.30134680134680136
369	369	0.17857142857142858	0.1984126984126984	0.17857142857142858	0.19642857142857142	0.24801587301587302
370	370	0.18181818181818182	0.18181818181818182	0.2	0.21818181818181817	0.21818181818181817
371	371	0.1949685534591195	0.22012578616352202	0.18867924528301888	0.20754716981132076	0.18867924528301888
372	372	0.21637426900584794	0.19298245614035087	0.17543859649122806	0.18128654970760233	0.23391812865497075
373	373	0.19230769230769232	0.19230769230769232	0.19230769230769232	0.19230769230769232	0.23076923076923078
374	374	0.2032520325203252	0.12466124661246612	0.19241192411924118	0.24796747967479674	0.23170731707317074
375	375	0.2	0.2	0.19797979797979798	0.2	0.20202020202020202
376	376	0.192090395480226	0.18267419962335216	0.18455743879472694	0.1694915254237288	0.2711864406779661
377	377	0.21171171171171171	0.22522522522522523	0.15315315315315314	0.19369369369369369	0.21621621621621623
378	378	0.20077972709551656	0.18518518518518517	0.17543859649122806	0.21052631578947367	0.22807017543859648
379	379	0.23015873015873015	0.19642857142857142	0.1865079365079365	0.19642857142857142	0.19047619047619047
380	380	0.14102564102564102	0.19230769230769232	0.1737891737891738	0.28774928774928776	0.20512820512820512
381	381	0.17857142857142858	0.19642857142857142	0.21428571428571427	0.23214285714285715	0.17857142857142858
382	382	0.1641025641025641	0.15555555555555556	0.15897435897435896	0.27521367521367524	0.24615384615384617
383	383	0.1724137931034483	0.1896551724137931	0.2413793103448276	0.1724137931034483	0.22413793103448276
384	384	0.22431865828092243	0.20754716981132076	0.18867924528301888	0.18867924528301888	0.19077568134171907
385	385	0.23905723905723905	0.15151515151515152	0.18518518518518517	0.15151515151515152	0.2727272727272727
386	386	0.2554112554112554	0.21212121212121213	0.13275613275613277	0.1919191919191919	0.2077922077922078
387	387	0.1881720430107527	0.16129032258064516	0.1827956989247312	0.22580645161290322	0.24193548387096775
